141,51.377957,0.111321,51.373289,0.089119,601.1750423955573,662.6,969.9
142,51.386154,0.060555,51.373289,0.089119,606.7461361181314,749.7,1311
143,51.365635,0.098214,51.373289,0.089119,606.779130544439,678,865.8
144,51.332266,0.024189,51.373289,0.089119,608.215278518777,1092.1,1918.1
145,51.30615,0.042296,51.373289,0.089119,609.8461320375325,1027.2,2720.1
146,51.393354,0.125955,51.373289,0.089119,610.5100517163133,976.3,1580.7
147,51.374951,0.014687,51.373289,0.089119,611.6979594938988,762,1398.8
148,51.359077,0.110302,51.373289,0.089119,618.1641118709397,656.8,1017.7
149,51.391431,0.048291,51.373289,0.089119,628.0372954996039,642.4,1216.7
150,51.372613,0.016006,51.373289,0.089119,629.3998169588933,742.3,1349.3
151,51.362913,0.069291,51.377894,0.101348,635.2726386491929,696.6,1112.6
152,51.360806,0.10564,51.373289,0.089119,636.3287582926433,672.2,969.9
153,51.394819,0.121873,51.373289,0.089119,642.6056418617068,708.9,1267.1
154,51.400049,0.059786,51.373289,0.089119,648.7894216726581,969.2,1848.4
155,51.397793,0.09717,51.373289,0.089119,652.8317323257667,736.6,1271.8
156,51.366691,0.082858,51.373289,0.089119,659.3043026038499,747.7,902.6
157,51.397662,0.122674,51.418611,0.089081,663.1142088926711,1025.4,1580.7
158,51.369569,0.093063,51.373289,0.089119,669.4879817166563,716.7,829.8
159,51.386181,0.070901,51.373289,0.089119,677.7023702660998,705.6,1104.2
160,51.410224,0.107669,51.407785,0.07365,679.5745197084309,948.7,1314.7
161,51.406868,0.076718,51.373289,0.089119,681.369208856115,787.8,1361.1
162,51.35808,0.090973,51.373289,0.089119,682.2452622287165,799.9,1081
163,51.371822,0.056715,51.373289,0.089119,686.738596273094,692.6,1075.3
164,51.426309,0.090386,51.373289,0.089119,690.1274062502802,1064.9,1911.9
165,51.397793,0.09717,51.373289,0.089119,691.3384385398563,736.6,1271.8
166,51.405966,0.064753,51.373289,0.089119,692.1692630523295,1008.7,1723
167,51.419125,0.07225,51.400319,0.108353,693.5937194500053,836.5999999999999,1302.9
168,51.376122,0.017745,51.373289,0.089119,702.8612941019595,801.4,1398.8
169,51.401677,0.108956,51.373289,0.089119,707.0000808915465,999.5,1616.3
170,51.366122,0.100181,51.373289,0.089119,715.3548775344088,812.8,1021.3
171,51.383683,0.055719,51.373289,0.089119,727.6589138900732,804.3,1403.4
172,51.401226,0.116967,51.373289,0.089119,735.7048150624034,1011.9,1583.8
173,51.377208,0.078399,51.373289,0.089119,736.5658542686863,792.4,1033.7
174,51.366122,0.100181,51.373289,0.089119,739.6885524122373,812.8,1021.3
175,51.363707,0.06882,51.373289,0.089119,746.4926500014526,803.1,1216.5
176,51.386154,0.060555,51.373289,0.089119,747.2097925647874,750.2,1311
177,51.371741,0.042793,51.373289,0.089119,756.5435911629936,1004.8,1464.3
178,51.401226,0.116967,51.373289,0.089119,759.9100382987796,1011.9,1583.8
179,51.387265,0.089019,51.373289,0.089119,767.9388728659835,800,1130.7
180,51.371822,0.056715,51.373289,0.089119,769.3831465656327,982.4,1370.5
181,51.387592,0.114488,51.373289,0.089119,770.0711960294162,919.4,1343.3
182,51.395508,0.096271,51.373289,0.089119,777.3454621763833,933.2,1459.8
183,51.332266,0.024189,51.373289,0.089119,778.1883533835404,1092.1,1918.1
184,51.372859,0.1031,51.373289,0.089119,780.9699875670001,815.4,969.9
185,51.384597,0.103294,51.416012,0.117947,786.3517815031231,978.6,1498.8
186,51.422627,0.107933,51.373289,0.089119,794.2542397795164,846.1,1911.9
187,51.369569,0.093063,51.373289,0.089119,800.0063053995341,836.7,949.8
188,51.377957,0.111321,51.373289,0.089119,811.0198426554568,899.4,1208.4
189,51.383258,0.08116,51.373289,0.089119,816.2125284303178,996,1364.2
190,51.363782,0.107029,51.373289,0.089119,820.2169914649189,902.6,1198.3
191,51.387265,0.089019,51.373289,0.089119,841.5660960385233,1016.9,1350.9
192,51.409601,0.053088,51.373289,0.089119,846.2367498868473,1050.2,2069.6
193,51.376235,0.122352,51.373289,0.089119,849.9756379178161,947.5,1521.7
194,51.359444,0.085241,51.373289,0.089119,850.555131574865,987,1274.6
195,51.385857,0.066954,51.373289,0.089119,852.2655450790564,1117.8,1550.5
196,51.393375,0.071298,51.373289,0.089119,854.0622099730834,1134.4,1577.2
197,51.332266,0.024189,51.373289,0.089119,858.1624006281568,1092.1,1918.1
198,51.397793,0.09717,51.373289,0.089119,858.2260811696237,1076.4,1639.8
199,51.378707,0.099396,51.373289,0.089119,858.5326882727868,970.7,1168.3
200,51.360806,0.10564,51.373289,0.089119,858.5530785436486,922.1,1257.9
201,51.391005,0.084979,51.373289,0.089119,862.7718800090155,925.7,1350.9
202,51.389245,0.069895,51.373289,0.089119,865.73244688591,883.4,1311
203,51.359077,0.110302,51.373289,0.089119,867.6094163474867,969.4,1327.2
204,51.306689,0.036265,51.373289,0.089119,869.3684875962371,887.7,2336
205,51.378707,0.099396,51.373289,0.089119,879.4198425175736,970.7,1168.3
206,51.395508,0.096271,51.373289,0.089119,879.8972146790761,933.2,1459.8
207,51.384917,0.082606,51.373289,0.089119,888.384380004146,1111.9,1450.2
208,51.394739,0.075845,51.373289,0.089119,890.1602641832663,1184.6,1654.5
209,51.39042,0.069566,51.373289,0.089119,895.1544711308891,1013.6,1550.5
210,51.358061,0.09107,51.373289,0.089119,897.5715753954863,1010,1304.1
211,51.378707,0.099396,51.373289,0.089119,899.1110193720557,970.7,1168.3
212,51.36714,0.120211,51.373289,0.089119,910.7037461788765,975.2,1331.4
213,51.389245,0.069895,51.373289,0.089119,915.9260561435501,1171.5,1572.6
214,51.383175,0.080856,51.373289,0.089119,920.052927794067,993,1364.2
215,51.38334,0.116198,51.373289,0.089119,942.5309246659835,1091.5,1536.3
216,51.38674,0.0711,51.373289,0.089119,945.1658340024134,1198.2,1587.3
217,51.312317,0.035579,51.373289,0.089119,954.5967325360228,1157,2720.1
218,51.371741,0.042793,51.373289,0.089119,956.2909265886481,1004.8,1464.3
219,51.332266,0.024189,51.373289,0.089119,962.0498446526565,1092.1,1918.1
220,51.38495,0.062738,51.373289,0.089119,963.923894248979,1336.3,1843.4
221,51.395533,0.12514,51.386682,0.0346,967.0224125022338,1077.4,2252.3
222,51.369122,0.063625,51.373289,0.089119,967.2889848739736,991.1,1317.1
223,51.361479,0.107549,51.373289,0.089119,994.7263465603398,1098.1,1424.7
224,51.408169,0.098927,51.373289,0.089119,997.4924899256231,1242.4,1837.4
225,51.377739,0.116504,51.373289,0.089119,999.7264126522855,1142.7,1512.6
226,51.397737,0.051201,51.373289,0.089119,1000.5993930606883,1137.8,1848.4
227,51.363602,0.096649,51.373289,0.089119,1005.1918217871457,1113.2,1369.2
228,51.38593,0.101273,51.373289,0.089119,1008.4318354124562,1154,1628.9
229,51.376235,0.122352,51.373289,0.089119,1009.6689686470727,1095.6,1521.7
230,51.314016,0.026048,51.369433,0.035627,1011.2006137521504,1088.7,1807.2
231,51.36714,0.120211,51.373289,0.089119,1016.5844996768727,1082.7,1436
232,51.358061,0.09107,51.373289,0.089119,1019.375907671938,1026.4,1304.1
233,51.365635,0.098214,51.373289,0.089119,1020.898931359148,1068.7,1257.9
234,51.367592,0.072076,51.373289,0.089119,1021.2584043671778,1136.9,1437.3
235,51.36283,0.069857,51.373915,0.09662,1039.5625097789568,1193.6,1497.7
236,51.374951,0.014687,51.373289,0.089119,1039.6474916074783,1349.2,1983.2
237,51.372546,0.087542,51.373289,0.089119,1040.4144718989046,1054.5,1153.5
238,51.372546,0.087542,51.373289,0.089119,1052.4558926899615,1080.3,1172.8
239,51.366122,0.100181,51.373289,0.089119,1060.4201424982025,1171,1379.9
240,51.371552,0.121628,51.376815,0.099875,1066.458965586415,1262.6,1713.6
241,51.397793,0.09717,51.373289,0.089119,1071.551971262075,1083.8,1639.8
242,51.361349,0.064287,51.373289,0.089119,1073.4965807308818,1207.9,1503.1
243,51.417305,0.115911,51.373289,0.089119,1078.7244285685877,1251.6,1911.9
244,51.377208,0.078399,51.373289,0.089119,1081.892336677656,1123.5,1364.2
245,51.304181,0.039261,51.373289,0.089119,1082.1319635015122,1352.8,2720.1
246,51.391431,0.048291,51.373289,0.089119,1096.674385656573,1410.2,1983.2
247,51.38593,0.101273,51.373289,0.089119,1105.0490364669051,1154,1628.9
248,51.393354,0.125955,51.373289,0.089119,1106.3639960707737,1365.2,1970.2
249,51.391474,0.048143,51.373289,0.089119,1118.298232025356,1411.5,1983.2
250,51.374262,0.105042,51.373289,0.089119,1118.6557052377966,1269.7,1505
251,51.383163,0.081111,51.373289,0.089119,1118.7996536684248,1148.9,1526.9
252,51.417305,0.115911,51.373289,0.089119,1126.457948087023,1251.6,1911.9
253,51.371822,0.056715,51.373289,0.089119,1129.8684380231255,1190.6,1579.8
254,51.367544,0.096128,51.365274,0.064172,1131.8310453439678,1148.1,1475.9
255,51.411259,0.054505,51.373289,0.089119,1136.1259970339609,1203.4,2069.6
256,51.419111,0.075381,51.373289,0.089119,1136.308723059859,1328.6,2381.9
257,51.393442,0.034359,51.373289,0.089119,1141.4820836830727,1648.8999999999999,2459.8
258,51.359077,0.110302,51.373289,0.089119,1145.8464966605097,1237.5,1596
259,51.397737,0.051201,51.373289,0.089119,1145.8721249266976,1198.9,1848.4
260,51.383258,0.08116,51.373289,0.089119,1147.5460668016867,1193.3,1526.9
261,51.391431,0.048291,51.373289,0.089119,1149.610350248628,1410.2,1983.2
262,51.361702,0.097327,51.373289,0.089119,1153.1285875383169,1293,1591.6
263,51.354854,0.101794,51.373289,0.089119,1168.6728225162906,1339.6,1871.7
264,51.359199,0.085731,51.373289,0.089119,1171.1087781060219,1261,1543.4
265,51.366122,0.100181,51.373289,0.089119,1175.1607258403687,1265.8,1473.8
266,51.384008,0.078137,51.373289,0.089119,1202.8786960305965,1258.6,1572.6
267,51.36379,0.095382,51.373289,0.089119,1203.6840005322274,1293.4,1529.4
268,51.387278,0.089104,51.373289,0.089119,1204.8807433301868,1308.1,1639.8
269,51.405966,0.064753,51.373289,0.089119,1204.97889805516,1490.6,2197.1
270,51.411862,0.105866,51.362488,0.095046,1208.509397590375,1506.3,2275
271,51.387592,0.114488,51.373289,0.089119,1209.7851242601923,1247.5,1672.6
272,51.30615,0.042296,51.373289,0.089119,1213.673884826837,1425.6,2615.2
273,51.423588,0.109037,51.373289,0.089119,1214.7212943469644,1526.2,2632.4
274,51.362667,0.083672,51.373289,0.089119,1217.6676651343523,1301.4,1559.6
275,51.384597,0.103294,51.416012,0.117947,1221.5260800698213,1230,1756.7
276,51.401677,0.108956,51.373289,0.089119,1225.5761608980802,1324.9,1943.5
277,51.372465,0.078545,51.375813,0.100675,1225.9938180449801,1286.7,1500.4
278,51.405966,0.064753,51.373289,0.089119,1226.8741544671518,1490.6,2197.1
279,51.395533,0.12514,51.386682,0.0346,1227.5021702124027,1419.7,2432.5
280,51.362608,0.097022,51.373289,0.089119,1235.0689656856534,1317.4,1584.3
281,51.387265,0.089019,51.373289,0.089119,1236.966407757012,1308.3999999999999,1639.8
282,51.372859,0.1031,51.373289,0.089119,1237.4425513723725,1270.7,1424.1
283,51.373184,0.065185,51.375196,0.098807,1238.864147923421,1361.5,1635.6
284,51.381592,0.103512,51.373289,0.089119,1241.0005273017207,1377.7,1690.1
285,51.387278,0.089104,51.373289,0.089119,1241.248129990433,1409.4,1744.2
286,51.391474,0.048143,51.373289,0.089119,1242.8392065114356,1411.5,1983.2
287,51.423287,0.062658,51.373289,0.089119,1244.352243165981,1555.9,2381.9
288,51.372859,0.1031,51.373289,0.089119,1247.5520187107143,1270.7,1424.1
289,51.312317,0.035579,51.373289,0.089119,1249.2204051149545,1663.8,2720.1
290,51.36318,0.109239,51.373289,0.089119,1249.8449448222761,1264.2,1575
291,51.387278,0.089104,51.373289,0.089119,1251.4678359606216,1409.4,1744.2
292,51.36714,0.120211,51.373289,0.089119,1253.472469631509,1442.3,1795.8
293,51.362882,0.108944,51.367496,0.076858,1253.7041861984553,1344.4,1768.7
294,51.308226,0.037141,51.373289,0.089119,1255.2362123244548,-1.0,-1.0
295,51.360921,0.075825,51.386599,0.034845,1256.4544302746801,1401.6,1913.8
296,51.376235,0.122352,51.373289,0.089119,1262.8777364731507,1462.2,1970.6
297,51.387592,0.114488,51.373289,0.089119,1264.297719557044,1338.2,1762.7
298,51.411243,0.054439,51.373289,0.089119,1265.5553560839023,1370,2069.6
299,51.308226,0.037141,51.373289,0.089119,1268.8612970420763,-1.0,-1.0
300,51.374059,0.0399,51.373289,0.089119,1278.7698455081722,1577.6,2293.1
301,51.371552,0.121628,51.376815,0.099875,1292.6814114243373,1382.3,1713.6
302,51.387278,0.089104,51.373289,0.089119,1293.2314102126736,1396.1,1723
303,51.379202,0.101517,51.373289,0.089119,1298.901315408597,1344.8,1616.3
304,51.36379,0.095382,51.373289,0.089119,1300.976806738915,1348.1,1584.3
305,51.384597,0.103294,51.416012,0.117947,1304.1570660408531,1513.7,2035.4
306,51.38495,0.062738,51.373289,0.089119,1305.571477579152,1336.3,1843.4
307,51.36352,0.098566,51.373289,0.089119,1313.1384343583113,1402.3,1662.2
308,51.387592,0.114488,51.373289,0.089119,1319.7297320957582,1338.2,1762.7
309,51.36975,0.081367,51.373289,0.089119,1324.252410918396,1435.2,1615.6
310,51.393125,0.075682,51.373289,0.089119,1324.536036563478,1535.9,1969.4
311,51.401677,0.108956,51.373289,0.089119,1327.0184920851773,1378.3,1943.5
312,51.394784,0.123207,51.373289,0.089119,1329.5911416756223,1458.5,2054
313,51.387122,0.078479,51.373289,0.089119,1332.4980502160395,1457.2,1844.4
314,51.362882,0.108944,51.367496,0.076858,1341.3688769045345,1354.9,1768.7
315,51.362913,0.069291,51.377894,0.101348,1345.5698877271814,1494.5,1863
316,51.360806,0.10564,51.373289,0.089119,1346.0467233745937,1442.8,1758.4
317,51.360806,0.10564,51.373289,0.089119,1347.829808369059,1442.8,1758.4
318,51.372641,0.097814,51.373289,0.089119,1349.9524193926356,1360.2,1482.3
319,51.363441,0.110437,51.373289,0.089119,1356.2560657765925,1473,1747.4
320,51.392692,0.076061,51.373289,0.089119,1372.8380061144571,1533.3,1965.8
321,51.363602,0.096649,51.373289,0.089119,1378.9302476256337,1395,1649.1
322,51.38593,0.101273,51.373289,0.089119,1379.6529093992774,1582.7,2057.6
323,51.332266,0.024189,51.373289,0.089119,1379.6849437282522,-1.0,-1.0
324,51.418051,0.077129,51.373289,0.089119,1381.8250734714481,1785,2511.4
325,51.387278,0.089104,51.373289,0.089119,1384.6019175789831,1410.5,1744.2
326,51.313766,0.024346,51.373289,0.089119,1385.052682372992,-1.0,-1.0
327,51.369569,0.093063,51.373289,0.089119,1390.2497999088798,1465.2,1578.8
328,51.383163,0.081111,51.373289,0.089119,1406.390572257589,1448.9,1782.9
329,51.365635,0.098214,51.373289,0.089119,1413.5258454951886,1460,1662.2
330,51.369122,0.063625,51.373289,0.089119,1414.3901949621693,1538.8,1863.6
331,51.361702,0.097327,51.373289,0.089119,1415.6378441384056,1506.9,1805.2
332,51.435428,0.115935,51.373289,0.089119,1419.5432041075376,1787.1,2757.2
333,51.38334,0.116198,51.373289,0.089119,1421.7849880491422,1586.9,2053.1
334,51.38678,0.079373,51.373289,0.089119,1424.5281946262535,1518.6,1905.4
335,51.359077,0.110302,51.373289,0.089119,1428.9080677613606,1548,1985.8
336,51.396677,0.113421,51.375202,0.099462,1430.528824877639,1525.6,1837
337,51.387265,0.089019,51.373289,0.089119,1436.0701908490619,1506,1837.4
338,51.393354,0.125955,51.373289,0.089119,1443.0733676064779,1539.7,2303.9
339,51.359444,0.085241,51.373289,0.089119,1445.3867661435318,1617.5,1904.7
340,51.312788,0.031036,51.373289,0.089119,1448.5988471220728,-1.0,-1.0
341,51.38593,0.101273,51.373289,0.089119,1461.1555507838016,1582.7,2057.6
342,51.384597,0.103294,51.416012,0.117947,1463.4661641783557,1513.7,2035.4
343,51.365635,0.098214,51.373289,0.089119,1465.0402680573072,1475.8,1662.2
344,51.369828,0.089962,51.373289,0.089119,1465.1590635307648,1522,1671.6
345,51.429857,0.084437,51.373289,0.089119,1465.8902171182615,1714.6,2632.4
346,51.305445,0.020836,51.373289,0.089119,1468.8755312733342,-1.0,-1.0
347,51.392918,0.032157,51.373289,0.089119,1471.7422245733999,1631.1,2459.8
348,51.391474,0.048143,51.373289,0.089119,1477.2718041299238,1741.5,2413.1
349,51.421544,0.060143,51.382413,0.045041,1483.3963694247009,1857.5,2404.7
350,51.312317,0.035579,51.373289,0.089119,1484.3008485197001,-1.0,-1.0
351,51.36975,0.081367,51.373289,0.089119,1487.054266212779,1587.9,1768.1
352,51.422627,0.107933,51.373289,0.089119,1490.6911713723287,1553.9,2632.4
353,51.376235,0.122352,51.373289,0.089119,1491.1613246861195,1536.1,1970.6
354,51.362608,0.097022,51.373289,0.089119,1492.453683282118,1550.7,1805.2
355,51.362212,0.091756,51.373289,0.089119,1494.2261109313436,1557,1766.6
356,51.360806,0.10564,51.373289,0.089119,1494.3690916408034,1672.1,2120.6
357,51.421226,0.067638,51.373289,0.089119,1499.7909697430707,1640,2381.9
358,51.363475,0.098595,51.373289,0.089119,1501.8747310836652,1533.5,1758.4
359,51.421544,0.060143,51.382413,0.045041,1506.0552905591217,1857.5,2404.7
360,51.384008,0.078137,51.373289,0.089119,1509.2863782050579,1530,1843.3
361,51.426309,0.090386,51.373289,0.089119,1515.9810152141524,1798.1,2632.4
362,51.358061,0.09107,51.373289,0.089119,1520.3108174016645,1592.8,1871.7
363,51.365635,0.098214,51.373289,0.089119,1537.244647762852,1573.5,1758.4
364,51.362651,0.083601,51.373289,0.089119,1543.4078282423122,1724.4,1981.7
365,51.418051,0.077129,51.373289,0.089119,1545.0442973219165,1785,2511.4
366,51.354732,0.101482,51.377414,0.100986,1545.8544651134443,1842.3,2352.7
367,51.362212,0.091756,51.373289,0.089119,1546.5204012478205,1562.5,1766.6
368,51.353215,0.095823,51.373289,0.089119,1552.1523537157466,1805,2307.6
369,51.392836,0.096084,51.373289,0.089119,1554.156959431104,1710.3,2168.5
370,51.423164,0.061406,51.407703,0.073603,1556.5290369403267,1568.1,1809.8
371,51.426256,0.109774,51.373289,0.089119,1557.1597446380551,1965.6,2744.2
372,51.363579,0.098549,51.373289,0.089119,1559.8761562110303,1706.3,1911.1
373,51.387278,0.089104,51.373289,0.089119,1561.599238647508,1623.3,1956.1
374,51.36352,0.098566,51.373289,0.089119,1564.986713194922,1706.8999999999999,1911.1
375,51.377208,0.078399,51.373289,0.089119,1565.7029212658535,1603.9,1844.4
376,51.361702,0.097327,51.373289,0.089119,1568.6536347604413,1773,2071.6
377,51.36318,0.109239,51.373289,0.089119,1571.1943288007062,1678.1,1985.8
378,51.391431,0.048291,51.373289,0.089119,1574.5648020350764,1740.2,2413.1
379,51.389245,0.069895,51.373289,0.089119,1580.2828253577115,1677.5,2070.6
380,51.418293,0.128845,51.373289,0.089119,1582.5793774737763,2001.2,3006.8
381,51.383856,0.117846,51.373289,0.089119,1588.0789076519382,1623.7,2053.1
382,51.369122,0.063625,51.373289,0.089119,1597.5525078993492,1659.2,1984.3
383,51.393354,0.125955,51.373289,0.089119,1599.8340666677962,1701.8,2303.9
384,51.386154,0.060555,51.373289,0.089119,1605.083030642731,1823.3,2412.9
385,51.352513,0.091851,51.373289,0.089119,1605.110274487742,1851.8,2204.8
386,51.305445,0.020836,51.373289,0.089119,1609.683320373348,-1.0,-1.0
387,51.421544,0.060143,51.382413,0.045041,1639.112107643011,1857.5,2404.7
388,51.392027,0.111732,51.373289,0.089119,1641.2073965724924,1657.4,2054
389,51.386313,0.045252,51.373289,0.089119,1643.5517853679669,1951.6,2839
390,51.387417,0.03888,51.373289,0.089119,1653.8997495634949,1804.2,2459.8
391,51.374059,0.0399,51.373289,0.089119,1656.876234129136,1770.2,2293.1
392,51.375793,0.107093,51.373289,0.089119,1657.2912924230036,1730.8,2023.4
393,51.409062,0.062033,51.373289,0.089119,1658.2680815195235,1944.6,2795.8
394,51.396666,0.103044,51.374848,0.115339,1661.2650497222082,1921.3,2274.9
395,51.386154,0.060555,51.373289,0.089119,1662.5088105507914,1823.3,2412.9
396,51.384597,0.103294,51.416012,0.117947,1662.885881901966,1704.2,2234.9
397,51.392592,0.0835,51.373289,0.089119,1667.4485109865968,1810.2,2456.3
398,51.384597,0.103294,51.416012,0.117947,1669.1307813874269,1704.2,2234.9
399,51.362608,0.097022,51.373289,0.089119,1669.787715637743,1760.5,2015
400,51.389065,0.076755,51.407709,0.073591,1675.5298483228314,1779.2,2107
401,51.419111,0.075381,51.373289,0.089119,1678.1245796612934,1817.5,2511.4
402,51.358061,0.09107,51.373289,0.089119,1687.596403216903,1850,2131.2
403,51.408169,0.098927,51.373289,0.089119,1690.9983479076868,1952.9,2526.1
404,51.354747,0.101483,51.377317,0.100887,1696.8390462750672,1842.2,2352.7
405,51.419125,0.07225,51.400319,0.108353,1710.1967107154637,2049.7,2521.2
406,51.422627,0.107933,51.373289,0.089119,1711.7881793886309,1890.2,2744.2
407,51.383856,0.117846,51.373289,0.089119,1712.2093629187211,1887,2318.3
408,51.366691,0.082858,51.373289,0.089119,1716.3407189441218,1787.5,1943.9
409,51.360806,0.10564,51.373289,0.089119,1719.4686989286565,1804.9,2120.6
410,51.384597,0.103294,51.416012,0.117947,1722.3196495166872,1843.6,2365.4
411,51.383856,0.117846,51.373289,0.089119,1731.018059670874,1887,2318.3
412,51.312788,0.031036,51.373289,0.089119,1731.9822964894051,-1.0,-1.0
413,51.354854,0.101794,51.373289,0.089119,1733.00088315653,1876.3,2307.6
414,51.372546,0.087542,51.373289,0.089119,1733.883146597452,1744.1,1843.3
415,51.311086,0.034008,51.373289,0.089119,1740.44971987856,-1.0,-1.0
416,51.36318,0.109239,51.373289,0.089119,1747.677760718533,1834.2,2194.9
417,51.312788,0.031036,51.373289,0.089119,1750.5350493310648,-1.0,-1.0
418,51.391005,0.084979,51.373289,0.089119,1751.0761536497073,1885.7,2287.4
419,51.376122,0.017745,51.373289,0.089119,1752.258623693737,2025.1,2787.1
420,51.340601,0.110805,51.373289,0.089119,1764.810612936105,2014.3,2531.5
421,51.383175,0.080856,51.373289,0.089119,1765.823059077538,1854.4,2185.3
422,51.422627,0.107933,51.373289,0.089119,1766.6340106098132,1890.2,2744.2
423,51.312317,0.035579,51.373289,0.089119,1776.069451726936,-1.0,-1.0
424,51.385857,0.066954,51.373289,0.089119,1777.3807430755464,1969.6,2412.9
425,51.394739,0.075845,51.373289,0.089119,1780.3682229616074,1918.9,2456.3
426,51.377192,0.083283,51.373289,0.089119,1780.8583489183948,1882.6,2095.3
427,51.38674,0.0711,51.373289,0.089119,1784.3633681799045,2098.2,2487.3
428,51.375793,0.107093,51.373289,0.089119,1790.96455384041,1863.5,2216.1
429,51.366122,0.100181,51.373289,0.089119,1794.3792687184896,1891,2099.9
430,51.387122,0.078479,51.373289,0.089119,1805.5427969361585,1967.2,2327.8
431,51.36714,0.120211,51.373289,0.089119,1805.969087790219,1865.3,2226.1
432,51.38495,0.062738,51.373289,0.089119,1806.452867534019,1905.3,2412.9
433,51.384597,0.103294,51.416012,0.117947,1810.6704386069969,1843.6,2365.4
434,51.377192,0.083283,51.373289,0.089119,1813.9096982117505,1882.6,2095.3
435,51.368284,0.082987,51.373289,0.089119,1817.7535000503076,1860.2,2041.2
436,51.407665,0.057023,51.373289,0.089119,1823.4908748217078,2003.9,2795.8
437,51.38334,0.116198,51.373289,0.089119,1828.348618843016,1886.9,2437.6
438,51.352513,0.091851,51.373289,0.089119,1832.3294125825787,1868.1,2204.8
439,51.386437,0.065909,51.373289,0.089119,1833.4866089489014,1956.9,2413.1
440,51.385857,0.066954,51.373289,0.089119,1836.330498283198,1970.1000000000001,2413.1
441,51.36318,0.109239,51.373289,0.089119,1838.6577925115464,1887.1,2194.9
442,51.379202,0.101517,51.373289,0.089119,1841.7926760042353,1889,2157.1
443,51.387592,0.114488,51.373289,0.089119,1844.5930797892102,1942,2364.5
444,51.386154,0.060555,51.373289,0.089119,1846.4755772362976,2187.3,2689.1
445,51.311086,0.034008,51.373289,0.089119,1846.9485566874189,2461.6,3497.7
446,51.400292,0.10827,51.41914,0.072061,1848.5979630673057,2152.2,2704.5
447,51.387265,0.089019,51.373289,0.089119,1856.5162475527927,1894.2,2226.5
448,51.38495,0.062738,51.373289,0.089119,1856.851020664026,2206.3,2745
449,51.377192,0.083283,51.373289,0.089119,1857.5705207465605,1882.6,2095.3
450,51.306689,0.036265,51.373289,0.089119,1861.1701868580178,-1.0,-1.0
451,51.400049,0.059786,51.373289,0.089119,1873.0156812305477,2252.8,2911
452,51.375793,0.107093,51.373289,0.089119,1878.422533076299,1919.4,2216.1
453,51.382804,0.058775,51.373289,0.089119,1882.560882922433,2154.7,2786.9
454,51.387592,0.114488,51.373289,0.089119,1884.1702721978872,1942,2364.5
455,51.398217,0.058386,51.373092,0.087254,1884.2890724124377,1947,2877.4
456,51.365635,0.098214,51.373289,0.089119,1890.7763911899458,1935.9,2120.6
457,51.397221,0.046395,51.373289,0.089119,1892.6806946205636,2125.3,2839
458,51.383163,0.081111,51.373289,0.089119,1895.5271013088334,2048.9,2382.9
459,51.377957,0.111321,51.373289,0.089119,1898.8532548197102,1970.3,2274.7
460,51.30615,0.042296,51.373289,0.089119,1914.0503437572602,-1.0,-1.0
461,51.363608,0.098554,51.373289,0.089119,1916.4214215743052,1999,2203.1
462,51.372859,0.1031,51.373289,0.089119,1918.7404488684683,1920,2074
463,51.374059,0.0399,51.373289,0.089119,1922.2308093945526,2165.3,2685.3
464,51.369122,0.063625,51.373289,0.089119,1933.5686106013145,1997.2,2416.3
465,51.383856,0.117846,51.373289,0.089119,1947.7150030437956,2005.6,2437.6
466,51.384008,0.078137,51.373289,0.089119,1948.3764601425646,2019.8,2327.8
467,51.36714,0.120211,51.373289,0.089119,1949.2416811810494,2011.8,2365.6
468,51.393375,0.071298,51.373289,0.089119,1950.1099876551839,2014.6,2456.3
469,51.371822,0.056715,51.373289,0.089119,1953.8595667645525,2093.2,2480.9
470,51.389729,0.092299,51.373289,0.089119,1966.0517592311883,2062.3,2467.4
471,51.361479,0.107549,51.373289,0.089119,1969.8952964846374,2116.7,2443.6
472,51.311086,0.034008,51.373289,0.089119,1973.182497023468,2461.6,3497.7
473,51.406061,0.092701,51.426083,0.102051,1973.6797344812614,2255.6,2601.5
474,51.36714,0.120211,51.373289,0.089119,1978.0202066939362,2011.8,2365.6
475,51.392592,0.0835,51.373289,0.089119,1987.7018079179106,2226,2753
476,51.372546,0.087542,51.373289,0.089119,1994.453133317498,2017.7,2115.3
477,51.304181,0.039261,51.373289,0.089119,1998.1364512696443,-1.0,-1.0
478,51.377192,0.083283,51.373289,0.089119,2000.0826150179205,2010,2218.6
479,51.393125,0.075682,51.373289,0.089119,2013.4328287422259,2225.9,2659.4
480,51.361479,0.107549,51.373289,0.089119,2025.8092506050855,2116.7,2443.6
481,51.366691,0.082858,51.373289,0.089119,2034.2360866647757,2066.8,2221.8
482,51.361349,0.064287,51.373289,0.089119,2034.67747889909,2047.9,2343.1
483,51.391431,0.048291,51.373289,0.089119,2036.6415948230929,2262.4,2839
484,51.369122,0.063625,51.373289,0.089119,2036.9791958249564,2087.6,2416.3
485,51.362212,0.091756,51.373289,0.089119,2043.1650658593978,2103.9,2307.6
486,51.372641,0.097814,51.373289,0.089119,2044.2951702692653,2080.2,2202.3
487,51.396677,0.113421,51.375202,0.099462,2047.9501439864514,2193.4,2604.5
488,51.365635,0.098214,51.373289,0.089119,2048.0036985419515,2176.8,2361.6
489,51.372613,0.016006,51.373289,0.089119,2060.025822847644,2178.8,2787.1
490,51.377957,0.111321,51.373289,0.089119,2061.468599550133,2179.9,2482
491,51.423135,0.061397,51.406253,0.071931,2062.6374818641643,2297.2,2664
492,51.36714,0.120211,51.373289,0.089119,2064.5400641212964,2126.2,2479.4
493,51.37258,0.082055,51.376987,0.097059,2071.927354086834,2106.6,2294.2
494,51.387417,0.03888,51.373289,0.089119,2079.916682072634,2310.8,3073.4
495,51.406061,0.092701,51.426083,0.102051,2082.388647195015,2255.6,2601.5
496,51.374059,0.0399,51.373289,0.089119,2088.1485728229454,2165.3,2685.3
497,51.39086,0.103895,51.407694,0.073487,2092.0414732684612,2288.3,2623.5
498,51.395508,0.096271,51.373289,0.089119,2095.1915257281034,2382,3050.2
499,51.363475,0.098595,51.373289,0.089119,2100.885251204539,2220.8,2425.8
500,51.358061,0.09107,51.373289,0.089119,2108.5939293593046,2245.8,2586
501,51.389666,0.120895,51.362571,0.095189,2109.687535638796,2421.4,2991.4
502,51.383856,0.117846,51.373289,0.089119,2111.5434030987108,2367.3,2802
503,51.394784,0.123207,51.373289,0.089119,2113.0420660317795,2469.9,3071.8
504,51.387122,0.078479,51.373289,0.089119,2118.0047788732772,2207.2,2567.5
505,51.383683,0.055719,51.373289,0.089119,2119.192688300456,2192.3,2786.9
506,51.372859,0.1031,51.373289,0.089119,2122.3678876525573,2140.7,2294.1
507,51.369122,0.063625,51.373289,0.089119,2129.8926644141247,2179.1,2507.3
508,51.371462,0.068718,51.373289,0.089119,2131.47757525942,2234.9,2515.6
509,51.36318,0.109239,51.373289,0.089119,2131.9482290541314,2164.2,2475
510,51.365635,0.098214,51.373289,0.089119,2133.6230389162793,2176.8,2361.6
511,51.378707,0.099396,51.373289,0.089119,2141.7941279656234,2260.7,2458.3
512,51.365635,0.098214,51.373289,0.089119,2142.1532862435697,2176.8,2361.6
513,51.361479,0.107549,51.373289,0.089119,2142.568037914145,2202.7,2530.3
514,51.359077,0.110302,51.373289,0.089119,2144.5036903676073,2179.3,2537.5
515,51.384597,0.103294,51.416012,0.117947,2151.7907594048056,2363.7,2891.8
516,51.406868,0.076718,51.373289,0.089119,2157.007364119579,2219.1,2795.8
517,51.411709,0.113374,51.373289,0.089119,2164.147580162165,2257,3006.8
518,51.387592,0.114488,51.373289,0.089119,2169.3846809421284,2426.5,2936.7
519,51.363602,0.096649,51.373289,0.089119,2169.6121082911936,2288.2,2542.7
520,51.306543,0.046027,51.373289,0.089119,2178.11744080812,2653.9,4391
521,51.391474,0.048143,51.373289,0.089119,2180.230804135572,2263.7000000000003,2839
522,51.392991,0.054097,51.373289,0.089119,2188.5970611625107,2368.4,2911
523,51.332266,0.024189,51.373289,0.089119,2190.1241895016465,2689.8,3599.1
524,51.408582,0.058203,51.373289,0.089119,2193.8812768053886,2526.2,3261.5
525,51.386154,0.060555,51.373289,0.089119,2194.7140749270334,2288.5,2786.9
526,51.434171,0.003511,51.373289,0.089119,2200.0783715825387,-1.0,-1.0
527,51.363441,0.110437,51.373289,0.089119,2201.225741051255,2251.3,2526.3
528,51.306689,0.036265,51.373289,0.089119,2209.4097323211813,-1.0,-1.0
529,51.400292,0.10827,51.41914,0.072061,2212.6457777917585,2303,2704.5
530,51.372859,0.1031,51.373289,0.089119,2213.0723955218946,2230.7,2384.1
531,51.368284,0.082987,51.373289,0.089119,2214.142912685825,2270,2455
532,51.392836,0.096084,51.373289,0.089119,2214.47244652262,2460.3,2918.5
533,51.425058,0.106869,51.373289,0.089119,2224.647780521125,2431.9,3179.3
534,51.315575,0.034027,51.373289,0.089119,2225.574275806279,2807.2,3857.8
535,51.384597,0.103294,51.416012,0.117947,2229.9331889652494,2363.7,2891.8
536,51.389245,0.069895,51.373289,0.089119,2234.260894333995,2294.6,2689.1
537,51.391474,0.048143,51.373289,0.089119,2237.98876306426,2521.5,3093.2
538,51.386181,0.070901,51.373289,0.089119,2241.149792527844,2334,2745
539,51.359077,0.110302,51.373289,0.089119,2242.8565465531865,2377.5,2736
540,51.406061,0.092701,51.426083,0.102051,2244.106065405378,2255.6,2601.5
541,51.373184,0.065185,51.375196,0.098807,2248.3156102411854,2337.5,2609.5
542,51.387265,0.089019,51.373289,0.089119,2251.004804948187,2334.5,2664.7
543,51.381592,0.103512,51.373289,0.089119,2253.13725346147,2411.9,2716.4
544,51.411778,0.10569,51.406905,0.105448,2259.847769259957,2615.4,2795.7
545,51.387191,0.114103,51.366065,0.055464,2266.1798671354786,2346.2,3055.1
546,51.35808,0.090973,51.373289,0.089119,2268.346343250064,2308.1,2586
547,51.421269,0.067668,51.373289,0.089119,2269.1215330476957,2368.5,3261.5
548,51.354747,0.101483,51.377317,0.100887,2270.0505347710673,2436.8,3100.5
549,51.377192,0.083283,51.373289,0.089119,2271.499037672895,2344.9,2551.7
550,51.362212,0.091756,51.373289,0.089119,2275.2058280225274,2293.1,2499.4
551,51.372546,0.087542,51.373289,0.089119,2276.574463744248,2283.3,2382.9
552,51.369122,0.063625,51.373289,0.089119,2283.793454449544,2341.5,2667.4
553,51.38593,0.101273,51.373289,0.089119,2285.5264255155766,2549.5,3020.7
554,51.408169,0.098927,51.373289,0.089119,2290.44699528725,2420.9,3006.8
555,51.393354,0.125955,51.373289,0.089119,2302.642582085404,2691.5,3293.9
556,51.389729,0.092299,51.373289,0.089119,2302.729986968274,2351.8,2753
557,51.361349,0.064287,51.373289,0.089119,2309.5050314099285,2433,2728.2
558,51.395508,0.096271,51.373289,0.089119,2315.227720773705,2382,3050.2
559,51.359199,0.085731,51.373289,0.089119,2319.171941355929,2442.8,2722.9
560,51.39686,0.096915,51.41796,0.089729,2325.0160038685653,2640.2,3060.4
561,51.389245,0.069895,51.373289,0.089119,2326.3486038332117,2395,2786.9
562,51.435428,0.115935,51.373289,0.089119,2326.5593484817905,2798.3,4070.5
563,51.389729,0.092299,51.373289,0.089119,2331.301283181297,2351.8,2753
564,51.372859,0.1031,51.373289,0.089119,2338.5585827686077,2350.7,2504.1
565,51.376235,0.122352,51.373289,0.089119,2342.888324720618,2576.7,3005.9
566,51.393442,0.034359,51.373289,0.089119,2355.0571809721523,2607.8,3439.2
567,51.384008,0.078137,51.373289,0.089119,2356.0571112489465,2382.1,2689.1
568,51.401988,0.103609,51.381191,0.104231,2361.3333707027145,2639.9,3010.4
569,51.383856,0.117846,51.373289,0.089119,2361.487518609638,2371.8,2802
570,51.383683,0.055719,51.373289,0.089119,2362.1415746299485,2641.9,3237.6
571,51.393375,0.071298,51.373289,0.089119,2368.4667120516146,2571.1,3015.6
572,51.374059,0.0399,51.373289,0.089119,2369.023255651656,2449.8,2998.8
573,51.367592,0.072076,51.373289,0.089119,2379.0455186967997,2490.6,2788.8
574,51.417305,0.115911,51.373289,0.089119,2391.1152461270335,2518.4,3179.3
575,51.417305,0.115911,51.373289,0.089119,2391.6680358827066,2518.4,3179.3
576,51.363579,0.098549,51.373289,0.089119,2396.7731805555713,2483.4,2687.3
577,51.363602,0.096649,51.373289,0.089119,2398.9794152555737,2500.2,2753.9
578,51.356318,0.099467,51.373289,0.089119,2400.733565383657,2629.5,3083.8
579,51.397793,0.09717,51.373289,0.089119,2402.938768015936,2736.2,3270
580,51.384008,0.078137,51.373289,0.089119,2405.7088527112514,2434.1,2745
581,51.397793,0.09717,51.373289,0.089119,2406.390856946215,2736.2,3270
582,51.39086,0.103895,51.407694,0.073487,2409.708410404423,2614.8,2951.8
583,51.408169,0.098927,51.373289,0.089119,2410.406178291854,2434.2,3006.8
584,51.375015,0.014733,51.373289,0.089119,2428.5851795377266,2850.7,3483.9
585,51.379202,0.101517,51.373289,0.089119,2428.852753618305,2489.5,2757.2
586,51.366122,0.100181,51.373289,0.089119,2429.6489344709566,2526.2,2734.1
587,51.395508,0.096271,51.373289,0.089119,2434.2942911418077,2524.4,3050.2
588,51.389245,0.069895,51.373289,0.089119,2439.799104760891,2517.4,2911
589,51.39086,0.103895,51.407694,0.073487,2447.622798514318,2614.8,2951.8
590,51.394819,0.121873,51.373289,0.089119,2448.6571432320966,2516.4,3071.8
591,51.408169,0.098927,51.373289,0.089119,2467.9264605996486,2802.8,3372.9
592,51.362651,0.083601,51.373289,0.089119,2472.928271225334,2518.2,2777.2
593,51.358061,0.09107,51.373289,0.089119,2473.33338026243,2568.8,2850.5
594,51.372641,0.097814,51.373289,0.089119,2477.33858470387,2508,2628.3
595,51.394739,0.075845,51.373289,0.089119,2483.4564155037274,2623.1,3093.4
596,51.411862,0.105866,51.362488,0.095046,2499.158650169243,2616.6,3459.3
597,51.306543,0.046027,51.373289,0.089119,2504.141217143174,2653.9,4391
598,51.384597,0.103294,51.416012,0.117947,2504.7814279544536,2693.7,3221.8
599,51.383856,0.117846,51.373289,0.089119,2512.34354655495,2690.1,3164.7
600,51.354747,0.101483,51.377317,0.100887,2519.460223016011,2589,3100.5
601,51.403993,0.110542,51.373289,0.089119,2531.2617659645666,2864.4,3417.4
602,51.362882,0.108944,51.367496,0.076858,2534.486450061512,2621.8,3035.4
603,51.400292,0.10827,51.41914,0.072061,2535.582889128038,2897,3301.5
604,51.384008,0.078137,51.373289,0.089119,2540.344796428684,2604.3,2911
605,51.401988,0.103609,51.381191,0.104231,2543.415211193001,2639.9,3010.4
606,51.366122,0.100181,51.373289,0.089119,2558.9734152225938,2643.8,2852.1
607,51.366122,0.100181,51.373289,0.089119,2561.113285834756,2643.8,2852.1
608,51.406061,0.092701,51.426083,0.102051,2563.490722181451,2825.6,3171.5
609,51.362608,0.097022,51.373289,0.089119,2565.693908972951,2608,2862.7
610,51.365635,0.098214,51.373289,0.089119,2570.79785762882,2618.5,2803.8
611,51.411862,0.105866,51.362488,0.095046,2577.974399325256,2616.6,3459.3
612,51.372546,0.087542,51.373289,0.089119,2578.552982271243,2587.7,2685.3
613,51.383856,0.117846,51.373289,0.089119,2579.0822383603227,2690.1,3164.7
614,51.38495,0.062738,51.373289,0.089119,2586.3985990077917,2709.7,3207.8
615,51.314016,0.026048,51.369433,0.035627,2588.5141009445088,3157,3913.4
616,51.304739,0.021725,51.316095,0.044692,2588.9729692103697,3006,3452.4
617,51.383856,0.117846,51.373289,0.089119,2590.931808803073,2690.1,3164.7
618,51.356318,0.099467,51.373289,0.089119,2592.155598371138,2629.5,3083.8
619,51.372859,0.1031,51.373289,0.089119,2595.7491280176127,2620.7,2774.1
620,51.359444,0.085241,51.373289,0.089119,2605.0141580196805,2696.9,2984.6
621,51.308226,0.037141,51.373289,0.089119,2611.475280535404,3129.2,4369.2
622,51.395508,0.096271,51.373289,0.089119,2615.4554307323856,2892,3414.2
623,51.417305,0.115911,51.373289,0.089119,2622.203127655046,2936,3597.4
624,51.409062,0.062033,51.373289,0.089119,2623.0949351288477,2754.4,3395.8
625,51.392942,0.09599,51.362432,0.095065,2623.2775978091536,2882.2,3413.1
626,51.395508,0.096271,51.373289,0.089119,2625.52347839212,2892,3414.2
627,51.362608,0.097022,51.373289,0.089119,2627.093528076764,2667.3,2922.2
628,51.358061,0.09107,51.373289,0.089119,2636.6664496537437,2717.8,2999.9
629,51.379202,0.101517,51.373289,0.089119,2637.1058985741133,2667.7,2936.7
630,51.371216,0.120965,51.373289,0.089119,2637.5924224919545,2829.6,3224.1
631,51.394784,0.123207,51.373289,0.089119,2652.663277622155,3078.5,3656.7
632,51.406061,0.092701,51.426083,0.102051,2662.9956521277477,2825.6,3171.5
633,51.38334,0.116198,51.373289,0.089119,2663.998930180376,2722.2,3164.7
634,51.393442,0.034359,51.373289,0.089119,2666.976465024896,2722.3,3439.2
635,51.419125,0.07225,51.400319,0.108353,2672.4320945043137,2706.3,3174.1
636,51.395508,0.096271,51.373289,0.089119,2675.864848063663,2892,3414.2
637,51.371216,0.120965,51.373289,0.089119,2677.9019546363925,2829.6,3224.1
638,51.384008,0.078137,51.373289,0.089119,2684.7334580197103,2705.6,3015.6
639,51.352513,0.091851,51.373289,0.089119,2690.197249893722,2700,3033.2
640,51.391005,0.084979,51.373289,0.089119,2693.1462521861176,2815.7,3217.4
641,51.362651,0.083601,51.373289,0.089119,2698.7698637583662,2719.4,2974.4
642,51.393442,0.034359,51.373289,0.089119,2704.5930336907227,2736.3,3439.2
643,51.332266,0.024189,51.373289,0.089119,2704.8477290185656,2773.3,3599.1
644,51.406061,0.092701,51.426083,0.102051,2712.4062091670608,2825.6,3171.5
645,51.361702,0.097327,51.373289,0.089119,2718.8862639919885,2888.1,3189.8
646,51.372641,0.097814,51.373289,0.089119,2719.6828437336817,2740.2,2862.3
647,51.361349,0.064287,51.373289,0.089119,2726.8904362283793,2759.1,3055.5
648,51.372641,0.097814,51.373289,0.089119,2733.895845042789,2774,2895.1
649,51.356318,0.099467,51.373289,0.089119,2739.6255351102636,2823.4,3325.1
650,51.374059,0.0399,51.373289,0.089119,2755.766999910676,2867.7,3387.9
651,51.356318,0.099467,51.373289,0.089119,2759.9372850856425,2823.4,3325.1
652,51.376235,0.122352,51.373289,0.089119,2765.9900116770596,2982,3411.1
653,51.362667,0.083672,51.373289,0.089119,2774.923271793946,2790.6,3047.7
654,51.387122,0.078479,51.373289,0.089119,2778.3666106545525,2867.2,3285.2
655,51.400049,0.059786,51.373289,0.089119,2780.368503694217,3082.2,4127
656,51.389245,0.069895,51.373289,0.089119,2786.703474064552,2845.9,3237.6
657,51.371462,0.068718,51.373289,0.089119,2798.449488508394,2907.7,3180.8
658,51.377208,0.078399,51.373289,0.089119,2807.1113761550478,2866.2,3105.4
659,51.362913,0.069291,51.377894,0.101348,2815.6646373939975,2919.3999999999996,3333.1
660,51.387122,0.078479,51.373289,0.089119,2825.1616117428566,2867.2,3285.2
661,51.381592,0.103512,51.373289,0.089119,2833.027150074459,2967.4,3280
662,51.384917,0.082606,51.373289,0.089119,2835.028977303694,2950.1,3291.2
663,51.363608,0.098554,51.373289,0.089119,2835.344234531008,2851,3053.9
664,51.36283,0.069857,51.373915,0.09662,2836.882641464092,2918.2,3224.6
665,51.356318,0.099467,51.373289,0.089119,2840.102737741162,2872.5,3325.1
666,51.371462,0.068718,51.373289,0.089119,2841.141872458196,2907.7,3180.8
667,51.36379,0.095382,51.373289,0.089119,2844.1723883360223,2913.1,3149.2
668,51.387278,0.089104,51.373289,0.089119,2844.6019334422576,2883.3,3216.1
669,51.391431,0.048291,51.373289,0.089119,2845.243605257496,3060.2,3739.6
670,51.387122,0.078479,51.373289,0.089119,2845.936271215945,2867.2,3285.2
671,51.38678,0.079373,51.373289,0.089119,2846.108358981919,2897.8,3285.2
672,51.356318,0.099467,51.373289,0.089119,2847.57693227705,2872.5,3325.1
673,51.359077,0.110302,51.373289,0.089119,2860.6730576788846,3040.8,3434.3
674,51.377957,0.111321,51.373289,0.089119,2866.487720706523,2915.2,3274.9
675,51.397793,0.09717,51.373289,0.089119,2872.306406664699,3036.2,3684.7
676,51.308226,0.037141,51.373289,0.089119,2881.782465590122,3129.2,4369.2
677,51.371822,0.056715,51.373289,0.089119,2883.3598117624624,3077.8,3478.2
678,51.383856,0.117846,51.373289,0.089119,2886.602660264257,2945.1,3373.8
679,51.359444,0.085241,51.373289,0.089119,2887.639488817239,3014.2,3300
680,51.361349,0.064287,51.373289,0.089119,2892.3294018288007,2913.5,3208.7
681,51.390716,0.105521,51.396915,0.106306,2892.3621163597504,2928.2,3197.3
682,51.359077,0.110302,51.373289,0.089119,2895.4940731806623,3040.8,3434.3
683,51.376235,0.122352,51.373289,0.089119,2902.628297687542,2982,3411.1
684,51.392592,0.0835,51.373289,0.089119,2906.7904971080475,3077.9,3523.9
685,51.363608,0.098554,51.373289,0.089119,2917.211809896264,2941,3143.9
686,51.369122,0.063625,51.373289,0.089119,2921.3115664874094,3100.1,3425.2
687,51.374262,0.105042,51.373289,0.089119,2927.6024656926857,3069.7,3305
688,51.405966,0.064753,51.373289,0.089119,2931.2961599677046,3134.2,3889.8
689,51.412201,0.046528,51.373289,0.089119,2932.6665625485275,3410.5,4371.4
690,51.377957,0.111321,51.373289,0.089119,2936.6169118159937,2962.2,3274.9
691,51.415646,0.053651,51.373289,0.089119,2946.545341780126,3389.8,4386.3
692,51.372859,0.1031,51.373289,0.089119,2953.020335798354,3040.8,3194.1
693,51.363441,0.110437,51.373289,0.089119,2955.5488909342916,3080.1,3358.2
694,51.435428,0.115935,51.373289,0.089119,2958.8321502382437,3122.3,4070.5
695,51.361479,0.107549,51.373289,0.089119,2960.7304980818235,3133,3460.4
696,51.363782,0.107029,51.373289,0.089119,2964.1213754924174,3153.6,3449
697,51.360806,0.10564,51.373289,0.089119,2964.4781435200084,3093.9,3460.4
698,51.36318,0.109239,51.373289,0.089119,2965.5614997544358,3113.8,3449
699,51.395508,0.096271,51.373289,0.089119,2982.722730895487,3162.3,3684.7
700,51.372859,0.1031,51.373289,0.089119,2989.2875203435638,3039.3,3193
701,51.332266,0.024189,51.373289,0.089119,2989.4702326455035,3087.7,3917.4
702,51.404697,0.056189,51.373289,0.089119,2990.270296923785,3231.7,4127
703,51.30615,0.042296,51.373289,0.089119,3018.323693643443,3216.7,4369.2
704,51.353215,0.095823,51.373289,0.089119,3022.331298428846,3198.4,3571
705,51.354732,0.101482,51.377414,0.100986,3029.305902872242,3252,4034
706,51.377208,0.078399,51.373289,0.089119,3033.9238126900304,3074,3314.4
707,51.384008,0.078137,51.373289,0.089119,3036.2993921364073,3117.9,3434.4
708,51.397793,0.09717,51.373289,0.089119,3036.9335484200215,3082.1,3684.7
709,51.353438,0.095622,51.373289,0.089119,3039.1860688567367,3193.9,3571
710,51.384917,0.082606,51.373289,0.089119,3049.2690220308123,3091.9,3488.3
711,51.393375,0.071298,51.373289,0.089119,3054.110495526559,3232.2,3676.1
712,51.421226,0.067638,51.373289,0.089119,3060.3496740450096,3329.8,3978.4
713,51.394739,0.075845,51.373289,0.089119,3067.6152754106247,3240.1,3709.9
714,51.38334,0.116198,51.373289,0.089119,3070.2469447983963,3241.7,3708.6
715,51.37176,0.056793,51.373289,0.089119,3075.10255439606,3097.7,3478.2
716,51.37795,0.077552,51.376739,0.09954,3078.3536720810225,3118.6,3384.8
717,51.36379,0.095382,51.373289,0.089119,3081.02143609176,3149.6,3440.3
718,51.374059,0.0399,51.373289,0.089119,3082.4519700413916,3198.4,3855.9
719,51.353215,0.095823,51.373289,0.089119,3086.235250386956,3198.4,3571
720,51.421269,0.067668,51.373289,0.089119,3091.5249162696023,3330.4,3978.4
721,51.384008,0.078137,51.373289,0.089119,3092.469313494155,3122.6,3434.4
722,51.384917,0.082606,51.373289,0.089119,3095.6347553712,3145.1,3488.3
723,51.386154,0.060555,51.373289,0.089119,3109.6699458068924,3238.3,3739.6
724,51.378707,0.099396,51.373289,0.089119,3110.1016805574873,3220.7,3418.3
725,51.362212,0.091756,51.373289,0.089119,3110.160695018294,3164.8,3371
726,51.425058,0.106869,51.373289,0.089119,3111.1069838191756,3493.2,4270.8
727,51.368284,0.082987,51.373289,0.089119,3117.837960511959,3159.9,3339.7
728,51.362608,0.097022,51.373289,0.089119,3132.4440131855386,3182.7,3440.3
729,51.383856,0.117846,51.373289,0.089119,3146.948120614989,3282.8,3708.6
730,51.393354,0.125955,51.373289,0.089119,3147.6669375235815,3468.7,4072.1
731,51.306952,0.023171,51.373289,0.089119,3147.8198998430944,3495.5,4611.9
732,51.363707,0.06882,51.373289,0.089119,3152.157843013299,3393.9,3806.4
733,51.389245,0.069895,51.373289,0.089119,3159.256191458973,3283.5,3678.3
734,51.36352,0.098566,51.373289,0.089119,3163.0449778976777,3217,3423.2
735,51.314016,0.026048,51.369433,0.035627,3165.485424576806,3202.3,3913.4
736,51.387122,0.078479,51.373289,0.089119,3167.6464644537214,3210.6,3570.2
737,51.387592,0.114488,51.373289,0.089119,3176.2506984872707,3324.1,3792.2
738,51.409062,0.062033,51.373289,0.089119,3178.9604597155817,3253.9,3889.8
739,51.389245,0.069895,51.373289,0.089119,3181.6858531536154,3283.5,3678.3
740,51.359444,0.085241,51.373289,0.089119,3185.1887961826696,3273.5,3561.9
741,51.363475,0.098595,51.373289,0.089119,3200.93952451572,3217.8,3423.2
742,51.375793,0.107093,51.373289,0.089119,3202.6190478543595,3273.4,3626.1
743,51.36714,0.120211,51.373289,0.089119,3203.7428999982376,3335.3,3696.1
744,51.410224,0.107669,51.407785,0.07365,3207.438891356769,3409.8,3845.7
745,51.311086,0.034008,51.373289,0.089119,3211.2711878707983,3337.5,4369.2
746,51.406061,0.092701,51.426083,0.102051,3216.5359232772603,3450.1,3794.6
747,51.38334,0.116198,51.373289,0.089119,3219.721346441827,3241.7,3708.6
748,51.400049,0.059786,51.373289,0.089119,3220.9053757385464,3387.7,4127
749,51.371741,0.042793,51.373289,0.089119,3230.691376961786,3395,3855.9
750,51.429247,0.107863,51.373289,0.089119,3233.907869449444,3354.5,4270.8
751,51.387278,0.089104,51.373289,0.089119,3235.312811675348,3293.2,3623.7
752,51.374059,0.0399,51.373289,0.089119,3239.026871528009,3277.1,3855.9
753,51.306543,0.046027,51.373289,0.089119,3239.6665041713873,3428.5,4638.4
754,51.423588,0.109037,51.373289,0.089119,3258.7672735916212,3333.1,4070.5
755,51.377957,0.111321,51.373289,0.089119,3266.7550812363065,3364,3705.7
756,51.372641,0.097814,51.373289,0.089119,3268.6876548892646,3280.2,3402.3
757,51.362913,0.069291,51.377894,0.101348,3271.359946771261,3444.9,3813.4
758,51.378707,0.099396,51.373289,0.089119,3272.975578214496,3376.3,3576.1
759,51.394432,0.098349,51.369452,0.035717,3276.187009413111,3494,4276
760,51.361702,0.097327,51.373289,0.089119,3277.9481834104795,3303,3601.6
761,51.375793,0.107093,51.373289,0.089119,3279.085777788932,3329.5,3626.1
762,51.39086,0.103895,51.407694,0.073487,3284.9768599925023,3488.3,3823.5
763,51.36318,0.109239,51.373289,0.089119,3286.45291163848,3361,3786.1
764,51.409062,0.062033,51.373289,0.089119,3288.8001997213046,3461.6,4208.5
765,51.354854,0.101794,51.373289,0.089119,3299.748017336184,3336.1,3778.4
766,51.36714,0.120211,51.373289,0.089119,3304.1535235828514,3335.3,3696.1
767,51.411709,0.113374,51.373289,0.089119,3311.6791697612753,3455.4,4070.5
768,51.398356,0.06212,51.373289,0.089119,3321.0674460415003,3436.3,4127
769,51.353438,0.095622,51.373289,0.089119,3324.619754096463,3409.9,3778.4
770,51.360806,0.10564,51.373289,0.089119,3329.462817719283,3472.7,3768.8
771,51.395508,0.096271,51.373289,0.089119,3333.3228591189204,3563,4086.3
772,51.386778,0.07701,51.373289,0.089119,3333.814763594513,3369.4,3709.9
773,51.394739,0.075845,51.373289,0.089119,3335.7036419515225,3524.5,3995
774,51.392991,0.054097,51.373289,0.089119,3346.3990139187044,3437.5,4281.7
775,51.366691,0.082858,51.373289,0.089119,3362.0961718673825,3403.1,3560.1
776,51.361479,0.107549,51.373289,0.089119,3363.9781706249555,3459.3,3786.1
777,51.374262,0.105042,51.373289,0.089119,3367.369388475065,3491.4,3726.7
778,51.397793,0.09717,51.373289,0.089119,3375.1111235966387,3613.8,4147.2
779,51.383856,0.117846,51.373289,0.089119,3385.507810630284,3506.5,3938
780,51.393354,0.125955,51.373289,0.089119,3389.53806270516,3468.7,4072.1
781,51.386181,0.070901,51.373289,0.089119,3389.5691553106567,3445.3,3845.2
782,51.36318,0.109239,51.373289,0.089119,3390.3674879561054,3544.5,3904.8
783,51.397793,0.09717,51.373289,0.089119,3392.0544322325873,3613.8,4147.2
784,51.363602,0.096649,51.373289,0.089119,3392.838198228444,3503.5,3756.1
785,51.409062,0.062033,51.373289,0.089119,3393.0735093857334,3461.6,4208.5
786,51.308226,0.037141,51.373289,0.089119,3404.167252789034,3519,4760.6
787,51.371552,0.121628,51.376815,0.099875,3416.9196227507177,3547.2,3897
788,51.411709,0.113374,51.373289,0.089119,3417.3733732067963,3648.5,4270.8
789,51.377192,0.083283,51.373289,0.089119,3422.640733174584,3524,3765.3
790,51.387265,0.089019,51.373289,0.089119,3427.8255070407463,3502.9,3833
791,51.38533,0.071763,51.366476,0.066757,3442.432056362218,3557.8,3900.2
792,51.405966,0.064753,51.373289,0.089119,3443.075922114886,3675.3,4371.4
793,51.372613,0.016006,51.373289,0.089119,3443.195785302391,3728.1,4339.8
794,51.374059,0.0399,51.373289,0.089119,3446.547701411917,3677.3,4197.8
795,51.363441,0.110437,51.373289,0.089119,3452.690428992486,3573,3847.4
796,51.387265,0.089019,51.373289,0.089119,3469.5539652470507,3502.9,3833
797,51.379202,0.101517,51.373289,0.089119,3470.9916281907344,3522.5,3792.2
798,51.407665,0.057023,51.373289,0.089119,3471.3597933780143,3538,4208.5
799,51.417305,0.115911,51.373289,0.089119,3473.0014152156227,3578.5,4270.8
800,51.356318,0.099467,51.373289,0.089119,3475.9893523906885,3559.7,4013.9
801,51.408169,0.098927,51.373289,0.089119,3476.0577162881873,3514.8,4418.7
802,51.382804,0.058775,51.373289,0.089119,3478.5323854371827,3808.3,4401.6
803,51.361349,0.064287,51.373289,0.089119,3482.16930110391,3578.2,3873.4
804,51.376122,0.017745,51.373289,0.089119,3495.0334442522585,3869.9,4465.8
805,51.366122,0.100181,51.373289,0.089119,3498.001041850574,3606.2,3814.1
806,51.362667,0.083672,51.373289,0.089119,3503.5924261472096,3584.8,3841.5
807,51.383683,0.055719,51.373289,0.089119,3508.3418657912184,3681.2,4281.7
808,51.312317,0.035579,51.373289,0.089119,3509.829320221613,3553.9,4638.4
809,51.371216,0.120965,51.373289,0.089119,3512.850539387741,3554.6,4086.3
810,51.377192,0.083283,51.373289,0.089119,3523.6927399088727,3553.5,3765.3
811,51.408169,0.098927,51.373289,0.089119,3527.458407152771,3559.8,4418.7
812,51.362667,0.083672,51.373289,0.089119,3533.0416146918765,3584.8,3841.5
813,51.362608,0.097022,51.373289,0.089119,3535.6959448342927,3581.6,3838
814,51.423164,0.061406,51.407703,0.073603,3535.741236928046,3627.5,3810.4
815,51.383175,0.080856,51.373289,0.089119,3536.520260501402,3610.4,3947.3
816,51.366122,0.100181,51.373289,0.089119,3537.8358135382955,3606.2,3814.1
817,51.401226,0.116967,51.373289,0.089119,3538.2831517825953,3775.1,4345.6
818,51.377192,0.083283,51.373289,0.089119,3539.151300990164,3553.5,3765.3
819,51.391431,0.048291,51.373289,0.089119,3546.8679008457757,3893.2,4513.7
820,51.401226,0.116967,51.373289,0.089119,3549.90543802291,3775.1,4345.6
821,51.36318,0.109239,51.373289,0.089119,3550.659158813801,3596.9,3904.8
822,51.372613,0.016006,51.373289,0.089119,3554.451964515809,3728.1,4339.8
823,51.392592,0.0835,51.373289,0.089119,3556.688387330189,3707,4153.4
824,51.308226,0.037141,51.373289,0.089119,3557.553532255474,3629.5,4760.6
825,51.383258,0.08116,51.373289,0.089119,3559.750096257774,3613.4,3947.3
826,51.397793,0.09717,51.373289,0.089119,3561.8613051740504,3613.8,4147.2
827,51.312317,0.035579,51.373289,0.089119,3564.1173894455214,3582.4,4638.4
828,51.377739,0.116504,51.373289,0.089119,3565.7279109001574,3689.8,4061.9
829,51.374951,0.014687,51.373289,0.089119,3566.9557556076197,3829.1,4465.8
830,51.377957,0.111321,51.373289,0.089119,3578.7144906043486,3635.6,3941.4
831,51.386437,0.065909,51.373289,0.089119,3579.4643713663318,3818.1,4344.2
832,51.384008,0.078137,51.373289,0.089119,3583.373332614337,3687.8,3995
833,51.360806,0.10564,51.373289,0.089119,3588.3966170765566,3729.4,4025.9
834,51.374589,0.107636,51.373289,0.089119,3593.689686356967,3617.3,3856.2
835,51.362913,0.069291,51.377894,0.101348,3594.5264065185856,3710.4,4078.6
836,51.384008,0.078137,51.373289,0.089119,3603.268046116549,3687.8,3995
837,51.383856,0.117846,51.373289,0.089119,3612.4666441151116,3652,4080.4
838,51.363608,0.098554,51.373289,0.089119,3613.843276106296,3715.1,3919.1
839,51.408169,0.098927,51.373289,0.089119,3619.2142309674723,3902.9,4476.1
840,51.392991,0.054097,51.373289,0.089119,3629.351519483032,3923.5,4460.2
841,51.362667,0.083672,51.373289,0.089119,3630.5496950051584,3729.4,4018.3
842,51.377192,0.083283,51.373289,0.089119,3632.5228082567032,3724.9,3933.2
843,51.406061,0.092701,51.426083,0.102051,3633.573330624524,3859.3,4207
844,51.405966,0.064753,51.373289,0.089119,3639.3721452647083,3675.3,4371.4
845,51.383683,0.055719,51.373289,0.089119,3643.968864919045,3681.2,4281.7
846,51.30615,0.042296,51.373289,0.089119,3650.676910251242,3793.9,4909.8
847,51.362608,0.097022,51.373289,0.089119,3656.708762271227,3753.2,4010.4
848,51.377957,0.111321,51.373289,0.089119,3659.1286889819107,3695.6,4001.4
849,51.358061,0.09107,51.373289,0.089119,3659.478392904648,3782,4061.3
850,51.363579,0.098549,51.373289,0.089119,3661.382093459487,3715.5,3919.1
851,51.312317,0.035579,51.373289,0.089119,3693.9382930181137,3762,4818.4
852,51.387417,0.03888,51.373289,0.089119,3696.494896768857,4042.3,4963.2
853,51.39042,0.069566,51.373289,0.089119,3700.2838711255595,3944.6,4362.8
854,51.366122,0.100181,51.373289,0.089119,3706.057221765082,3816.2,4024.1
855,51.36975,0.081367,51.373289,0.089119,3707.280353132971,3773.7,3953.5
856,51.383175,0.080856,51.373289,0.089119,3707.4010928285493,3827.7,4157.8
857,51.372465,0.078545,51.375813,0.100675,3711.086534254467,3763.6,3977.9
858,51.38495,0.062738,51.373289,0.089119,3712.6413662804484,3903.1,4401.6
859,51.362651,0.083601,51.373289,0.089119,3728.5493238658955,3750,4007.7
860,51.366122,0.100181,51.373289,0.089119,3728.6393194863085,3816.2,4024.1
861,51.387122,0.078479,51.373289,0.089119,3730.792249635837,3890.1,4252.3
862,51.387191,0.114103,51.366065,0.055464,3735.6111954187904,3811.7,4473.3
863,51.372546,0.087542,51.373289,0.089119,3738.2000876571274,3752.5,3845.2
864,51.392991,0.054097,51.373289,0.089119,3746.03316690706,3923.5,4460.2
865,51.387122,0.078479,51.373289,0.089119,3747.068022013085,3890.1,4252.3
866,51.359077,0.110302,51.373289,0.089119,3752.293375959107,3893.8,4251
867,51.384597,0.103294,51.416012,0.117947,3752.7640003904894,3974.9,4522.3
868,51.387278,0.089104,51.373289,0.089119,3757.522083518521,3801.7,4132.3
869,51.378707,0.099396,51.373289,0.089119,3780.0045169912787,3910.7,4108.3
870,51.371552,0.121628,51.376815,0.099875,3789.4954102875354,3937.2,4266.9
871,51.381721,0.103314,51.392107,0.113117,3799.149389258484,3934,4174.3
872,51.405671,0.048299,51.373289,0.089119,3803.3903239680317,4068.3,5139.4
873,51.363707,0.06882,51.373289,0.089119,3820.287187857771,3977.2,4384.5
874,51.418293,0.128845,51.373289,0.089119,3821.8993322223537,4015.7,4792.8
875,51.369828,0.089962,51.373289,0.089119,3835.6241608507416,3866.1,4018.3
876,51.384008,0.078137,51.373289,0.089119,3838.310221524894,3946.7,4252.3
877,51.372546,0.087542,51.373289,0.089119,3839.974121672644,3840.6,3933.2
878,51.392991,0.054097,51.373289,0.089119,3848.9504262024384,3923.5,4460.2
879,51.408169,0.098927,51.373289,0.089119,3854.490595175302,3903.0,4476.1
880,51.389245,0.069895,51.373289,0.089119,3856.253624858465,3889,4281.7
881,51.369828,0.089962,51.373289,0.089119,3869.13280399917,3872.7,4018.3
882,51.392918,0.032157,51.373289,0.089119,3881.2123015229868,4221.6,4941.7
883,51.384008,0.078137,51.373289,0.089119,3889.0262403018796,3946.7,4252.3
884,51.369828,0.089962,51.373289,0.089119,3890.171902547479,3983.2,4132.4
885,51.360806,0.10564,51.373289,0.089119,3891.249052603291,4042.7,4338.8
886,51.38674,0.0711,51.373289,0.089119,3894.135759786282,3954.2,4344.2
887,51.39686,0.096915,51.41796,0.089729,3895.957077090322,4123.7,4700
888,51.375015,0.014733,51.373289,0.089119,3898.697595695546,4165.4,4858.3
889,51.353438,0.095622,51.373289,0.089119,3901.4652239606576,4047.9,4420.1
890,51.389666,0.120895,51.362571,0.095189,3902.5104313751967,3998.7,4573.7
891,51.353438,0.095622,51.373289,0.089119,3903.478524109587,4047.9,4420.1
892,51.36318,0.109239,51.373289,0.089119,3909.4598412221844,3994.2,4305
893,51.363602,0.096649,51.373289,0.089119,3912.941105335627,3993.2,4249.2
894,51.375793,0.107093,51.373289,0.089119,3917.2323286505857,3989,4285.8
895,51.374589,0.107636,51.373289,0.089119,3917.390111998737,3947.3,4186.2
896,51.384008,0.078137,51.373289,0.089119,3919.215560609097,4039,4344.2
897,51.359199,0.085731,51.373289,0.089119,3926.313014510231,3981.2,4260.8
898,51.387592,0.114488,51.373289,0.089119,3926.9704981428745,3979.8,4403.5
899,51.377957,0.111321,51.373289,0.089119,3932.095636935245,4019.4,4328.4
900,51.426655,0.09816,51.418592,0.103199,3933.461761533067,4257.9,4438.9
901,51.404697,0.056189,51.373289,0.089119,3936.953772409222,4228.3,5139.4
902,51.362667,0.083672,51.373289,0.089119,3944.3565563115494,4064,4321.8
903,51.368284,0.082987,51.373289,0.089119,3945.0598784316153,4033.7,4216.5
904,51.372859,0.1031,51.373289,0.089119,3957.9870314596,3970.7,4124.1
905,51.383163,0.081111,51.373289,0.089119,3967.2360644597943,4088.9,4422.9
906,51.376235,0.122352,51.373289,0.089119,3973.7714772012473,4242.5,4714.8
907,51.363608,0.098554,51.373289,0.089119,3982.588881972488,4072,4275.7
908,51.392796,0.072216,51.367227,0.104178,3996.5967316383117,4181.8,4741.9
909,51.403993,0.110542,51.373289,0.089119,3998.010364083128,4153.2,4795.8
910,51.363579,0.098549,51.373289,0.089119,3998.0747544242613,4072.4,4275.7
911,51.390368,0.069627,51.373289,0.089119,4001.603552058418,4096.9,4513.7
912,51.397737,0.051201,51.373289,0.089119,4005.0990846640034,4300.7,4963.2
913,51.36714,0.120211,51.373289,0.089119,4008.1365155466556,4145.3,4506.1
914,51.397737,0.051201,51.373289,0.089119,4015.156066721671,4300.7,4963.2
915,51.408169,0.098927,51.373289,0.089119,4026.1253877973877,4235.1,4807.4
916,51.362651,0.083601,51.373289,0.089119,4037.5521511653333,4064.6,4321.8
917,51.379926,0.08453,51.373289,0.089119,4038.4422461545355,4177,4477.3
918,51.367544,0.096128,51.365274,0.064172,4038.780256678663,4071.4,4402.3
919,51.397793,0.09717,51.373289,0.089119,4044.866516404341,4194.9,4728.5
920,51.376039,0.05006,51.365337,0.064251,4047.1401069646367,4271.9,4683.1
921,51.392796,0.072216,51.367227,0.104178,4049.466574447044,4181.8,4741.9
922,51.374589,0.107636,51.373289,0.089119,4051.6343049557468,4097.3,4336.2
923,51.397793,0.09717,51.373289,0.089119,4052.958507718901,4194.9,4728.5
924,51.369122,0.063625,51.373289,0.089119,4053.036314340659,4214.5,4574.7
925,51.387122,0.078479,51.373289,0.089119,4055.119484052929,4205.4,4569.1
926,51.401571,0.108879,51.373289,0.089119,4057.6135299565917,4229,4795.8
927,51.354854,0.101794,51.373289,0.089119,4061.3323790986183,4270,4676
928,51.387265,0.089019,51.373289,0.089119,4063.6482854363835,4114.3,4446.5
929,51.359077,0.110302,51.373289,0.089119,4064.002003631319,4200.2,4558.2
930,51.387278,0.089104,51.373289,0.089119,4068.1101793103076,4114,4446.5
931,51.387122,0.078479,51.373289,0.089119,4071.2466552074075,4205.4,4569.1
932,51.371741,0.042793,51.373289,0.089119,4071.396943123495,4193.4,4649.1
933,51.363707,0.06882,51.373289,0.089119,4074.537141708984,4323.9,4736.4
934,51.371552,0.121628,51.376815,0.099875,4083.6027178452487,4292.6,4623.8
935,51.392027,0.111732,51.373289,0.089119,4094.8852217435883,4233.6,4663.5
936,51.353215,0.095823,51.373289,0.089119,4095.793046093885,4295,4668.2
937,51.372613,0.016006,51.373289,0.089119,4101.797599577508,4211.3,4858.3
938,51.393921,0.105288,51.373289,0.089119,4103.375164563319,4315.1,4812.1
939,51.394784,0.123207,51.373289,0.089119,4105.576146166988,4360.6,5174.2
940,51.383856,0.117846,51.373289,0.089119,4129.667395953049,4266,4902.9
941,51.369569,0.093063,51.373289,0.089119,4131.953240097907,4166.6,4279.8
942,51.332266,0.024189,51.373289,0.089119,4133.018858245624,4254.9,5087
943,51.384008,0.078137,51.373289,0.089119,4139.397280017137,4153.8,4460.2
944,51.38593,0.101273,51.373289,0.089119,4142.093933275392,4348.2,4998.3
945,51.36318,0.109239,51.373289,0.089119,4144.283438423831,4234.2,4594.9
946,51.36975,0.081367,51.373289,0.089119,4149.847895173111,4239.5,4424.1
947,51.361479,0.107549,51.373289,0.089119,4150.419489386575,4333.1,4660.4
948,51.369122,0.063625,51.373289,0.089119,4152.43018618651,4214.5,4574.7
949,51.374589,0.107636,51.373289,0.089119,4154.183626177456,4246.2,4485.3
950,51.420579,0.061099,51.373289,0.089119,4162.652358937699,4610,5363
951,51.371822,0.056715,51.373289,0.089119,4164.231518856165,4307,4698.4
952,51.401571,0.108879,51.373289,0.089119,4171.348313064602,4229,4795.8
953,51.36975,0.081367,51.373289,0.089119,4177.050673640715,4239.5,4424.1
954,51.371822,0.056715,51.373289,0.089119,4181.772151582618,4307,4698.4
955,51.387592,0.114488,51.373289,0.089119,4182.114204637552,4382.5,4805.8
956,51.352513,0.091851,51.373289,0.089119,4185.03469467218,4328.6,4665.3
957,51.377957,0.111321,51.373289,0.089119,4188.929560261633,4294,4617.2
958,51.396677,0.113421,51.375202,0.099462,4192.687866188895,4323,4633.4
959,51.387592,0.114488,51.373289,0.089119,4195.293702399541,4382.5,4805.8
960,51.37176,0.056793,51.373289,0.089119,4199.617669308065,4307.1,4698.4
961,51.375793,0.107093,51.373289,0.089119,4199.975124475085,4355.2,4653.8
