48,51.387278,0.089104,51.373289,0.089119,605.1573803485688,691.8,1025
49,51.387417,0.03888,51.373289,0.089119,640.7327856799722,831.6,1637.5
50,51.39042,0.069566,51.373289,0.089119,647.3539340063483,880.9,1291.8
51,51.362651,0.083601,51.373289,0.089119,653.2425523707523,759.9,1019.1
52,51.383175,0.080856,51.373289,0.089119,673.67217905957,798.3,1128.1
53,51.408582,0.058203,51.373289,0.089119,678.743304547134,1156.4,1930.2
54,51.392592,0.0835,51.373289,0.089119,687.7103269363372,779.4,1223.7
55,51.405776,0.094894,51.373289,0.089119,693.1652100407015,952.2,1567.8
56,51.384917,0.082606,51.373289,0.089119,700.1651399428258,900.7,1239.7
57,51.429857,0.084437,51.373289,0.089119,722.4233737410959,921.1,1766.7
58,51.395508,0.096271,51.373289,0.089119,727.1181048401623,1162.8,1685.9
59,51.386437,0.065909,51.373289,0.089119,729.4841725213763,795.7,1274.9
60,51.361349,0.064287,51.373289,0.089119,735.9155916464762,914.9,1211.1
61,51.374951,0.014687,51.373289,0.089119,736.0965398087378,941.9,1578.8
62,51.311086,0.034008,51.373289,0.089119,742.122665557225,771.8,1802.5
63,51.38334,0.116198,51.373289,0.089119,758.4602003054216,991.7,1458.6
64,51.4096,0.053079,51.373289,0.089119,770.347553286848,1215.5,1930.2
65,51.390368,0.069627,51.373289,0.089119,782.2221853160441,880.8,1291.8
66,51.38674,0.0711,51.373289,0.089119,820.1042675215681,880.1,1274.9
67,51.401571,0.108879,51.373289,0.089119,822.5070313184823,942.8,1516.9
68,51.361702,0.097327,51.373289,0.089119,855.3153620211592,1083,1491.7
69,51.423588,0.109037,51.373289,0.089119,867.9107023204832,1051.8,1766.7
70,51.383856,0.117846,51.373289,0.089119,868.3217974749008,1032.8,1458.6
71,51.306543,0.046027,51.373289,0.089119,892.9637185247323,1460.6,2791
72,51.387122,0.078479,51.373289,0.089119,895.4778701194991,916.1,1277
73,51.36318,0.109239,51.373289,0.089119,895.9881805241916,1121.3,1431.5
74,51.36318,0.109239,51.373289,0.089119,909.7062245605742,1121.3999999999999,1431.5
75,51.374262,0.105042,51.373289,0.089119,909.7536188375306,1120.9,1356.3
76,51.394739,0.075845,51.373289,0.089119,941.283348480994,1154.6,1624.5
77,51.406868,0.076718,51.373289,0.089119,956.8459806023169,1459.3,2209.7
78,51.386154,0.060555,51.373289,0.089119,1007.6805347113617,1095.8,1637.5
79,51.308226,0.037141,51.373289,0.089119,1020.2488247237753,1377.3,2791
80,51.395508,0.096271,51.373289,0.089119,1028.3150319189272,1162.8,1685.9
81,51.305445,0.020836,51.373289,0.089119,1029.7687873646014,-1.0,-1.0
82,51.362651,0.083601,51.373289,0.089119,1061.8983040213443,1214.4,1592.8
83,51.386181,0.070901,51.373289,0.089119,1103.6235416328748,1236.3,1637.5
84,51.377957,0.111321,51.373289,0.089119,1122.4580465012866,1222.1,1534.9
85,51.353215,0.095823,51.373289,0.089119,1123.5778334031559,1419.8,1791.8
86,51.371216,0.120965,51.373289,0.089119,1149.887407676687,1389.6,1941.8
87,51.361349,0.064287,51.373289,0.089119,1152.0925655583615,1293.5,1588.7
88,51.369828,0.089962,51.373289,0.089119,1163.8665767233133,1255.4,1403.9
89,51.361349,0.064287,51.373289,0.089119,1166.3416854380425,1293.5,1588.7
90,51.386313,0.045252,51.373289,0.089119,1182.7612006260704,1508.5,2148
91,51.359444,0.085241,51.373289,0.089119,1191.413177388457,1307.4,1592.8
92,51.393921,0.105288,51.373289,0.089119,1206.5262631939495,1443.1,1975.8
93,51.362212,0.091756,51.373289,0.089119,1211.8174282428974,1286.9,1491.7
94,51.361349,0.064287,51.373289,0.089119,1325.2804042576897,1541,1836.3
95,51.369122,0.063625,51.373289,0.089119,1326.9622020264144,1479.4,1804.5
96,51.363707,0.06882,51.373289,0.089119,1343.0488359737676,1624.1,2036.4
97,51.409062,0.062033,51.373289,0.089119,1350.0785275322903,1554.6,2489.6
98,51.376235,0.122352,51.373289,0.089119,1351.6636207261752,1518.5,1941.8
99,51.393354,0.125955,51.373289,0.089119,1393.3949947381386,1801,2436.3
100,51.390368,0.069627,51.373289,0.089119,1405.6918582058763,1492.7,1903.3
101,51.37176,0.056793,51.373289,0.089119,1439.2504034594924,1641.7,2030.3
102,51.36975,0.081367,51.373289,0.089119,1458.247158910115,1540.3,1724.4
103,51.312317,0.035579,51.373289,0.089119,1466.1444994009541,1575.4,2791
104,51.361702,0.097327,51.373289,0.089119,1481.0014049721724,1563.5,1862
105,51.36379,0.095382,51.373289,0.089119,1499.129604802456,1570.8,1805.2
106,51.411243,0.054439,51.373289,0.089119,1506.53774168754,1623.1,2489.6
107,51.421269,0.067668,51.373289,0.089119,1510.6869901691973,1656.3,2483
108,51.422627,0.107933,51.373289,0.089119,1515.5850846009519,2011.5,2928.9
109,51.368284,0.082987,51.373289,0.089119,1542.81584283347,1603.4,1786.2
110,51.421269,0.067668,51.373289,0.089119,1550.4478706551529,1656.3,2483
111,51.306543,0.046027,51.373289,0.089119,1578.07589228558,1709.3,2791
112,51.374262,0.105042,51.373289,0.089119,1580.5999070543016,1750.9,1986.3
113,51.312788,0.031036,51.373289,0.089119,1583.1682898479155,-1.0,-1.0
114,51.419111,0.075381,51.373289,0.089119,1584.590271800134,1920.8,3077.9
115,51.379202,0.101517,51.373289,0.089119,1606.4040574164474,1704.2,1975.8
116,51.423588,0.109037,51.373289,0.089119,1619.8485710432803,2024.9,3229.6
117,51.392279,0.035162,51.373289,0.089119,1623.3869747716892,1882.1,2568.8
118,51.392836,0.096084,51.373289,0.089119,1649.1945474486326,1754.8,2209.7
119,51.359077,0.110302,51.373289,0.089119,1684.3423556317189,1922.7,2311.3
120,51.411243,0.054439,51.373289,0.089119,1689.1132581716986,1790.3,2489.6
121,51.387122,0.078479,51.373289,0.089119,1690.6854942959455,1854.6,2214.7
122,51.36352,0.098566,51.373289,0.089119,1698.3715310118077,1799.2,2003.2
123,51.362608,0.097022,51.373289,0.089119,1698.5366850647522,1885.2,2169.3
124,51.422627,0.107933,51.373289,0.089119,1712.703672372116,2011.5,2928.9
125,51.434171,0.003511,51.373289,0.089119,1721.2722902531564,-1.0,-1.0
126,51.367592,0.072076,51.373289,0.089119,1725.7449141533439,1856.4,2157.1
127,51.311086,0.034008,51.373289,0.089119,1738.874293073015,-1.0,-1.0
128,51.421269,0.067668,51.373289,0.089119,1739.0031299855666,1837.3,2483
129,51.389729,0.092299,51.373289,0.089119,1740.8672753528533,1808.7,2210.5
130,51.372546,0.087542,51.373289,0.089119,1743.0225363755135,1804.1,1903.3
131,51.405357,0.089945,51.373289,0.089119,1748.0711200688452,2214.5,2982.6
132,51.400049,0.059786,51.373289,0.089119,1754.8062688644532,2280.9,2945.2
133,51.374589,0.107636,51.373289,0.089119,1755.8470495904785,1956.4,2197.2
134,51.374589,0.107636,51.373289,0.089119,1775.5816894920042,1956.4,2197.2
135,51.377957,0.111321,51.373289,0.089119,1790.2558868288738,2032,2344.8
136,51.381592,0.103512,51.373289,0.089119,1805.3983271495463,2024.8,2328
137,51.362667,0.083672,51.373289,0.089119,1806.647527906972,1994,2251.2
138,51.387592,0.114488,51.373289,0.089119,1847.6924496334373,2013.3,2436.3
139,51.363602,0.096649,51.373289,0.089119,1855.5722818045074,1914.3,2169.3
140,51.38593,0.101273,51.373289,0.089119,1886.6614279592718,2275.9,2903
141,51.435428,0.115935,51.373289,0.089119,1909.198356561417,2215.4,3229.6
142,51.389245,0.069895,51.373289,0.089119,1921.4169547128063,2127.2,2595.3
143,51.363441,0.110437,51.373289,0.089119,1929.8497207727876,2034.4,2311.3
144,51.385857,0.066954,51.373289,0.089119,1939.7861906267453,2244.9,2684.7
145,51.376122,0.017745,51.373289,0.089119,1941.542639618674,2085.1,3053.6
146,51.386778,0.07701,51.373289,0.089119,1955.6232644335453,2154.8,2502.9
147,51.411709,0.113374,51.373289,0.089119,1964.0136894273492,2159.2,2928.9
148,51.395508,0.096271,51.373289,0.089119,1983.6850591153438,2331.8,2891.6
149,51.36714,0.120211,51.373289,0.089119,1990.9970064613983,2255.3,2616.1
150,51.306952,0.023171,51.373289,0.089119,1996.6369460137723,2565.5,4143.2
151,51.332266,0.024189,51.373289,0.089119,2000.6988743687862,2404.8,3229.8
152,51.369122,0.063625,51.373289,0.089119,2012.9328486948611,2229.5,2554.5
153,51.395508,0.096271,51.373289,0.089119,2017.1739267948187,2331.8,2891.6
154,51.412201,0.046528,51.373289,0.089119,2019.9073217290643,2282.2,3077.9
155,51.360806,0.10564,51.373289,0.089119,2023.0475294472926,2237.5,2632.1
156,51.363608,0.098554,51.373289,0.089119,2024.5868236320805,2189,2395.8
157,51.376235,0.122352,51.373289,0.089119,2031.170712362259,2418.8,2841.8
158,51.392991,0.054097,51.373289,0.089119,2041.5521218816725,2162.3,2945.2
159,51.38495,0.062738,51.373289,0.089119,2043.282960633458,2349.7,2923.2
160,51.378707,0.099396,51.373289,0.089119,2056.268081321836,2199.7,2397.7
161,51.38674,0.0711,51.373289,0.089119,2067.793606600454,2201.1,2595.3
162,51.362667,0.083672,51.373289,0.089119,2069.5476104941613,2237.8,2493.3
163,51.393921,0.105288,51.373289,0.089119,2088.7206286316477,2373.1,2868.3
164,51.405776,0.094894,51.373289,0.089119,2098.1457095468522,2370.6,2982.6
165,51.315575,0.034027,51.373289,0.089119,2113.5686544681985,-1.0,-1.0
166,51.409062,0.062033,51.373289,0.089119,2124.7374227732325,2439.9,3077.9
167,51.371216,0.120965,51.373289,0.089119,2129.97380433528,2491.3,2889.6
168,51.36318,0.109239,51.373289,0.089119,2135.632813061253,2322.3,2632.1
169,51.374059,0.0399,51.373289,0.089119,2143.269371806345,2478.6,3053.6
170,51.363475,0.098595,51.373289,0.089119,2155.8300228541266,2190.8,2395.8
171,51.391474,0.048143,51.373289,0.089119,2178.934477984632,2600.6,3223.4
172,51.376122,0.017745,51.373289,0.089119,2180.5100381078905,2271.1,3053.6
173,51.401571,0.108879,51.373289,0.089119,2199.620141422809,2358,2928.9
174,51.377957,0.111321,51.373289,0.089119,2215.9133900545694,2464,2805.7
175,51.500591,0.054545,51.373289,0.089119,2221.175278264995,-1.0,-1.0
176,51.405966,0.064753,51.373289,0.089119,2226.0754113987664,2813.7,3579.3
177,51.435428,0.115935,51.373289,0.089119,2228.070253227749,2278.7,3229.6
178,51.372859,0.1031,51.373289,0.089119,2231.6394923984462,2349.3,2503
179,51.306543,0.046027,51.373289,0.089119,2251.067973955104,2843.4,4143.2
180,51.366122,0.100181,51.373289,0.089119,2280.733369208717,2406.2,2614.1
181,51.387417,0.03888,51.373289,0.089119,2298.3791036799084,2815.6,3733.6
182,51.392836,0.096084,51.373289,0.089119,2301.618420310584,2450.7,2903
183,51.39042,0.069566,51.373289,0.089119,2320.220807991914,2505.4,2923.2
184,51.411709,0.113374,51.373289,0.089119,2331.4911808560682,2613.7,3229.6
185,51.395508,0.096271,51.373289,0.089119,2334.664443689659,2347.6,2891.6
186,51.354854,0.101794,51.373289,0.089119,2353.524239986425,2711.1,3120.4
187,51.425058,0.106869,51.373289,0.089119,2372.9720050465894,-1.0,-1.0
188,51.38674,0.0711,51.373289,0.089119,2375.8673920247,2646,3174.5
189,51.387265,0.089019,51.373289,0.089119,2378.5276928868157,2486.9,2820.9
190,51.422324,0.109729,51.373289,0.089119,2385.2840154414735,-1.0,-1.0
191,51.371741,0.042793,51.373289,0.089119,2396.003520307746,2593.7,3053.6
192,51.405974,0.064899,51.373289,0.089119,2399.888756797442,2813.7,3579.3
193,51.366122,0.100181,51.373289,0.089119,2399.9183149302785,2406.2,2614.1
194,51.397793,0.09717,51.373289,0.089119,2419.069228879788,2856.2,3390
195,51.30615,0.042296,51.373289,0.089119,2424.4616296418735,2912.1,4143.2
196,51.363608,0.098554,51.373289,0.089119,2427.0938575572977,2579,2782
197,51.412201,0.046528,51.373289,0.089119,2440.594723685826,-1.0,-1.0
198,51.305445,0.020836,51.373289,0.089119,2450.77688895223,-1.0,-1.0
199,51.374951,0.014687,51.373289,0.089119,2488.3410953263383,2982.4,3715.3
200,51.387265,0.089019,51.373289,0.089119,2490.837426649231,2563.8,2891.6
201,51.463189,-0.011531,51.373289,0.089119,2503.273004736432,-1.0,-1.0
202,51.383683,0.055719,51.373289,0.089119,2528.3761886734246,3001.5,3597.4
203,51.359199,0.085731,51.373289,0.089119,2536.861333945361,2751.2,3030.8
204,51.308226,0.037141,51.373289,0.089119,2548.9843682967125,3016.6,4143.2
205,51.386437,0.065909,51.373289,0.089119,2573.1594315210727,2729.1,3174.5
206,51.304181,0.039261,51.373289,0.089119,2575.7465472219374,-1.0,-1.0
207,51.383683,0.055719,51.373289,0.089119,2585.1291413445883,3001.5,3597.4
208,51.405966,0.064753,51.373289,0.089119,2613.173876968619,2813.7,3579.3
209,51.393375,0.071298,51.373289,0.089119,2639.369921205372,2901.1,3414.5
210,51.39042,0.069566,51.373289,0.089119,2643.79226247259,2805.9,3223.4
211,51.386437,0.065909,51.373289,0.089119,2653.907235376927,2729.1,3174.5
212,51.418293,0.128845,51.373289,0.089119,2678.031019540171,3197.8,4422
213,51.412201,0.046528,51.373289,0.089119,2682.370546866504,3257.9,4141.5
214,51.393125,0.075682,51.373289,0.089119,2684.4378900928486,2971.5,3581.3
215,51.397737,0.051201,51.373289,0.089119,2706.2944652914753,3072.2,3733.6
216,51.383856,0.117846,51.373289,0.089119,2714.6522838641713,2907.3,3338.7
217,51.408169,0.098927,51.373289,0.089119,2748.174326890207,3198.3,3788
218,51.417305,0.115911,51.373289,0.089119,2772.852185845257,3173.9,3835.6
219,51.375793,0.107093,51.373289,0.089119,2773.992482633084,2853.5,3247.2
220,51.36714,0.120211,51.373289,0.089119,2790.162853841928,2974.6,3326.8
221,51.397793,0.09717,51.373289,0.089119,2807.4457593929947,2856.2,3390
222,51.377957,0.111321,51.373289,0.089119,2840.537510557106,2936.5,3247.2
223,51.374951,0.014687,51.373289,0.089119,2861.0361969472815,2982.4,3715.3
224,51.387122,0.078479,51.373289,0.089119,2876.638365582314,2957.2,3317.5
225,51.539407,-0.143418,51.373289,0.089119,2888.6703486961533,-1.0,-1.0
226,51.409062,0.062033,51.373289,0.089119,2893.89010302772,2942.3,3579.3
227,51.363608,0.098554,51.373289,0.089119,2908.004235657778,3055.8,3259.1
228,51.358061,0.09107,51.373289,0.089119,2917.5284338810297,3052.3,3332.5
229,51.371216,0.120965,51.373289,0.089119,2919.269605627639,3219.6,3614.1
230,51.403993,0.110542,51.373289,0.089119,2924.408788140324,3313,3866.4
231,51.393354,0.125955,51.373289,0.089119,2929.8071253154635,3418,4028.2
232,51.406868,0.076718,51.373289,0.089119,2942.126735784855,3325.8,4357.3
233,51.395508,0.096271,51.373289,0.089119,2942.188001276027,3312,3834.2
234,51.393354,0.125955,51.373289,0.089119,2954.8639949244466,3418,4028.2
235,51.389245,0.069895,51.373289,0.089119,2963.7594424195026,3147.2,3669.3
236,51.306543,0.046027,51.373289,0.089119,2969.3990661772314,-1.0,-1.0
237,51.306952,0.023171,51.373289,0.089119,2974.684447857153,-1.0,-1.0
238,51.420579,0.061099,51.373289,0.089119,2981.274969993039,3517.9,4399.7
239,51.315575,0.034027,51.373289,0.089119,2986.256316179507,-1.0,-1.0
240,51.383163,0.081111,51.373289,0.089119,2991.0756562180477,3085,3414.5
241,51.392592,0.0835,51.373289,0.089119,2991.367941182614,3132.6,3581.3
242,51.405357,0.089945,51.373289,0.089119,2998.719948059495,3083.4,3788
243,51.519177,-0.075655,51.373289,0.089119,3004.4330125763004,-1.0,-1.0
244,51.394784,0.123207,51.373289,0.089119,3025.8564031256233,3468.5,4046.7
245,51.375015,0.014733,51.373289,0.089119,3027.290736202639,3078.3,3715.3
246,51.411709,0.113374,51.373289,0.089119,3052.791640816627,3105.8,3835.6
247,51.37176,0.056793,51.373289,0.089119,3058.127539355503,3231.7,3620.3
248,51.419098,0.075533,51.373289,0.089119,3073.1333499077787,3587.6,4631.6
249,51.38678,0.079373,51.373289,0.089119,3107.9653590879843,3351.5,3741.5
250,51.378707,0.099396,51.373289,0.089119,3144.1665594569954,3279.4,3477.5
251,51.425789,0.099036,51.373289,0.089119,3155.9945613947093,3444.6,4422
252,51.384917,0.082606,51.373289,0.089119,3170.764864154626,3328.9,3669.3
253,51.362212,0.091756,51.373289,0.089119,3186.4560429137396,3336.8,3540.4
254,51.38334,0.116198,51.373289,0.089119,3253.994406099747,3387.7,3826.8
255,51.429169,0.105327,51.373289,0.089119,3282.330892396223,3584.4,4422
256,51.421269,0.067668,51.373289,0.089119,3298.8647566760537,3490.3,4141.5
257,51.359444,0.085241,51.373289,0.089119,3302.0812203020528,3490.5,3777.4
258,51.377192,0.083283,51.373289,0.089119,3307.080911509606,3394.9,3601.7
259,51.405974,0.064899,51.373289,0.089119,3307.9748630775302,3651.7,4357.3
260,51.407665,0.057023,51.373289,0.089119,3333.5205231403775,3511.6,4357.3
261,51.377192,0.083283,51.373289,0.089119,3334.3214780368708,3394.9,3601.7
262,51.387265,0.089019,51.373289,0.089119,3416.7609635924023,3456.9,3788
263,51.38334,0.116198,51.373289,0.089119,3434.7987487486967,3559.1,4001.4
264,51.377208,0.078399,51.373289,0.089119,3455.279554596432,3526.2,3765.4
265,51.422324,0.109729,51.373289,0.089119,3461.991695598253,3705.2,4422
266,51.415646,0.053651,51.373289,0.089119,3464.61469035232,3675.7,4399.7
267,51.539407,-0.143418,51.373289,0.089119,3478.413300655574,-1.0,-1.0
268,51.312788,0.031036,51.373289,0.089119,3488.148385957024,-1.0,-1.0
269,51.35808,0.090973,51.373289,0.089119,3492.7504331931837,3622.2,4040.9
270,51.392991,0.054097,51.373289,0.089119,3508.927090081602,3710.1,4248.5
271,51.363579,0.098549,51.373289,0.089119,3517.314275472066,3682.8,3886.1
272,51.353215,0.095823,51.373289,0.089119,3521.8904184226067,3740.1,4112.6
273,51.36714,0.120211,51.373289,0.089119,3528.709474181138,3725.3,4086.1
274,51.426309,0.090386,51.373289,0.089119,3549.652286326244,4138.3,5048.5
275,51.392836,0.096084,51.373289,0.089119,3557.491934990247,3690.3,4148.5
276,51.429247,0.107863,51.373289,0.089119,3570.8414163072334,-1.0,-1.0
277,51.409062,0.062033,51.373289,0.089119,3625.83872439211,3996.3,4631.6
278,51.401677,0.108956,51.373289,0.089119,3655.6113269780913,4000.4,4570
279,51.359199,0.085731,51.373289,0.089119,3673.755836440912,3755.7,4040.9
280,51.418051,0.077129,51.373289,0.089119,3689.058501931576,3769.7,4631.6
281,51.422627,0.107933,51.373289,0.089119,3694.9013597853063,3990.7,5048.5
282,51.383163,0.081111,51.373289,0.089119,3715.0033314256725,3771.5,4099.1
283,51.311086,0.034008,51.373289,0.089119,3752.1798243976714,-1.0,-1.0
284,51.405776,0.094894,51.373289,0.089119,3788.0379467579914,4154.1,4775.8
285,51.392279,0.035162,51.373289,0.089119,3808.114223386393,4115.8,4893.1
286,51.434171,0.003511,51.373289,0.089119,3810.6773668623077,-1.0,-1.0
287,51.429169,0.105327,51.373289,0.089119,3829.9296064859946,4429.7,-1.0
288,51.363602,0.096649,51.373289,0.089119,3831.003685986435,3953.2,4240.4
289,51.519177,-0.075655,51.373289,0.089119,3831.436199677188,-1.0,-1.0
290,51.425789,0.099036,51.373289,0.089119,3854.446642857509,4241.9,5048.5
291,51.361349,0.064287,51.373289,0.089119,3854.995669390921,3967.9,4263.1
292,51.377739,0.116504,51.373289,0.089119,3870.5397728381163,4011.4,4389.8
293,51.397221,0.046395,51.373289,0.089119,3871.322497568468,4202.7,-1.0
294,51.408582,0.058203,51.373289,0.089119,3906.5099478740485,3970.8,4631.6
295,51.409601,0.053088,51.373289,0.089119,3911.4716598317855,4292.3,5001.8
296,51.312317,0.035579,51.373289,0.089119,3921.4259628234972,4392,-1.0
297,51.395508,0.096271,51.373289,0.089119,3937.728517941209,4146.9,4671.4
298,51.393921,0.105288,51.373289,0.089119,3938.7531175021477,4167.4,4662.9
299,51.362608,0.097022,51.373289,0.089119,3959.7120152049565,3985,4240.4
300,51.402296,0.109148,51.373289,0.089119,3972.825519510678,4010.5,4570
301,51.387122,0.078479,51.373289,0.089119,3977.8551177862496,4079.4,4439.6
302,51.366122,0.100181,51.373289,0.089119,3984.057553259162,4133.8,4337.2
303,51.359077,0.110302,51.373289,0.089119,3994.6286014357206,4220.2,4578
304,51.390368,0.069627,51.373289,0.089119,4041.333483252955,4210.8,4621.3
305,51.384008,0.078137,51.373289,0.089119,4058.2205095250665,4133.3,4439.6
306,51.359077,0.110302,51.373289,0.089119,4070.395167224879,4220.2,4578
307,51.476863,-0.055121,51.373289,0.089119,4153.677781247546,-1.0,-1.0
308,51.392279,0.035162,51.373289,0.089119,4156.097434040292,4213.4,4893.1
309,51.386313,0.045252,51.373289,0.089119,4159.693219295952,4380.2,5025
310,51.387265,0.089019,51.373289,0.089119,4159.988139234834,4230.4,4563.8
311,51.340601,0.110805,51.373289,0.089119,4170.596031085523,4483.2,4999.4
312,51.363602,0.096649,51.373289,0.089119,4179.448824395048,4288.1,4541.9
313,51.369122,0.063625,51.373289,0.089119,4191.041985063186,4375.8,4770.2
