55,51.417305,0.115911,51.373289,0.089119,641.4726445848553,945.8,1608.6
56,51.383175,0.080856,51.373289,0.089119,641.5667735979138,664.3,1105.4
57,51.374589,0.107636,51.373289,0.089119,661.3254907971192,916.2,1155.3
58,51.384008,0.078137,51.373289,0.089119,669.6119896838045,764.5,1105.4
59,51.361702,0.097327,51.373289,0.089119,672.8932158375549,933,1341.7
60,51.41675,0.054509,51.373289,0.089119,700.4725639644623,1184,1926.1
61,51.412201,0.046528,51.373289,0.089119,705.5660097548365,1061.3,1926.1
62,51.417305,0.115911,51.373289,0.089119,739.0202310677275,945.8,1608.6
63,51.377192,0.083283,51.373289,0.089119,793.8025218043583,892.7,1105.4
64,51.375015,0.014733,51.373289,0.089119,796.7304196791771,1072.4,2109.1
65,51.392279,0.035162,51.373289,0.089119,800.5137353680612,-1.0,-1.0
66,51.419098,0.075533,51.373289,0.089119,821.0223789735071,-1.0,-1.0
67,51.38334,0.116198,51.373289,0.089119,838.9247238064855,1226.9,1693.1
68,51.311086,0.034008,51.373289,0.089119,860.9744581287431,-1.0,-1.0
69,51.376235,0.122352,51.373289,0.089119,863.2696716255341,1277.5,1701.8
70,51.385857,0.066954,51.373289,0.089119,870.4113724918193,1007.5,1604.8
71,51.417305,0.115911,51.373289,0.089119,870.5548997780843,945.8,1608.6
72,51.429857,0.084437,51.373289,0.089119,880.8941883337113,1360.4,2218.2
73,51.394784,0.123207,51.373289,0.089119,901.3808385585369,1488.5,2226.5
74,51.376235,0.122352,51.373289,0.089119,909.8903452660306,1277.5,1701.8
75,51.38495,0.062738,51.373289,0.089119,911.8427751588472,1075.9,1604.8
76,51.393375,0.071298,51.373289,0.089119,922.7911170246214,1011.1,1641.2
77,51.358061,0.09107,51.373289,0.089119,938.3462096952461,1139.2,1419.3
78,51.417305,0.115911,51.373289,0.089119,947.0349275352698,1557.3,2218.2
79,51.358061,0.09107,51.373289,0.089119,967.0677882960528,1139.2,1419.3
80,51.392918,0.032157,51.373289,0.089119,967.5063752371519,1391.2,2109.1
81,51.425789,0.099036,51.373289,0.089119,975.9412909931764,-1.0,-1.0
82,51.403993,0.110542,51.373289,0.089119,996.7728238652861,1544.4,2227
83,51.374589,0.107636,51.373289,0.089119,1011.418225617389,1075.6,1312.4
84,51.386181,0.070901,51.373289,0.089119,1024.699573908217,1200.8,1604.8
85,51.383856,0.117846,51.373289,0.089119,1064.0948249871428,1263.7,1693.1
86,51.371216,0.120965,51.373289,0.089119,1073.7412472806059,1449.6,1959.3
87,51.362212,0.091756,51.373289,0.089119,1074.0595731918243,1136.9,1341.7
88,51.408169,0.098927,51.373289,0.089119,1075.3362627413762,1592.9,2503.7
89,51.392692,0.076061,51.373289,0.089119,1085.0530920994856,1212,1641.2
90,51.363579,0.098549,51.373289,0.089119,1096.7755562794925,1307.6,1512.6
91,51.374589,0.107636,51.373289,0.089119,1116.4394614489672,1366.2,1605.3
92,51.38495,0.062738,51.373289,0.089119,1146.4767477585367,1657.8,2185.8
93,51.392692,0.076061,51.373289,0.089119,1159.7317166896603,1212,1641.2
94,51.391431,0.048291,51.373289,0.089119,1185.1693945023717,1740.2,2534.2
95,51.391474,0.048143,51.373289,0.089119,1188.1926898894521,1741.5,2572.5
96,51.365635,0.098214,51.373289,0.089119,1234.2770367771016,1268.8,1512.6
97,51.376122,0.017745,51.373289,0.089119,1240.6868802162508,1818.2,2415.5
98,51.332266,0.024189,51.373289,0.089119,1253.6316300017252,-1.0,-1.0
99,51.366122,0.100181,51.373289,0.089119,1256.176675892012,1441,1649.9
100,51.387278,0.089104,51.373289,0.089119,1286.823568331114,1557.2,1891.6
101,51.409601,0.053088,51.373289,0.089119,1290.8283229642877,-1.0,-1.0
102,51.386778,0.07701,51.373289,0.089119,1294.2743192313837,1621.3,1965.4
103,51.356318,0.099467,51.373289,0.089119,1295.0707119109513,1729.7,2302.5
104,51.387417,0.03888,51.373289,0.089119,1330.6461172423546,1916,2572.5
105,51.39042,0.069566,51.373289,0.089119,1337.2672655687309,1720.8999999999999,2131.8
106,51.362651,0.083601,51.373289,0.089119,1343.1558839331349,1551.7,1815.7
107,51.383175,0.080856,51.373289,0.089119,1363.5855106219526,1660.4,1994.2
108,51.408582,0.058203,51.373289,0.089119,1368.6566361095167,1983.4,2913.8
109,51.392592,0.0835,51.373289,0.089119,1377.6236584987198,1787,2364.7
110,51.405776,0.094894,51.373289,0.089119,1383.0785416030842,1696.4,2503.7
111,51.36714,0.120211,51.373289,0.089119,1429.4619389045542,1600.4,1959.3
112,51.384917,0.082606,51.373289,0.089119,1436.4618688066785,1741.9,2169.1
113,51.429857,0.084437,51.373289,0.089119,1458.7201026049486,-1.0,-1.0
114,51.386778,0.07701,51.373289,0.089119,1466.887864361281,1621.3,1965.4
115,51.395508,0.096271,51.373289,0.089119,1471.5825954603474,1962,2626.2
116,51.386437,0.065909,51.373289,0.089119,1473.9486631415614,1598.1,2185.8
117,51.361349,0.064287,51.373289,0.089119,1480.3800822666612,1777.9,2073.1
118,51.374951,0.014687,51.373289,0.089119,1480.5610304289228,1778.5,2415.5
119,51.311086,0.034008,51.373289,0.089119,1486.58715617741,-1.0,-1.0
120,51.38334,0.116198,51.373289,0.089119,1502.9246909256065,1916.9,2559.6
121,51.4096,0.053079,51.373289,0.089119,1514.8120439070328,-1.0,-1.0
122,51.390368,0.069627,51.373289,0.089119,1526.686675936229,1720.8,2131.8
123,51.38674,0.0711,51.373289,0.089119,1564.5687581417528,1796.4,2185.8
124,51.401571,0.108879,51.373289,0.089119,1566.971521938667,1655.8,2227
125,51.361702,0.097327,51.373289,0.089119,1599.779852641344,1863,2187.5
126,51.371741,0.042793,51.373289,0.089119,1613.5470607295679,2066.5,2668.4
127,51.305445,0.020836,51.373289,0.089119,1619.4303619970365,-1.0,-1.0
128,51.423588,0.109037,51.373289,0.089119,1632.0257022963606,-1.0,-1.0
129,51.383856,0.117846,51.373289,0.089119,1632.4367974507782,1794.2,2226.5
130,51.306543,0.046027,51.373289,0.089119,1657.0787185006095,-1.0,-1.0
131,51.387122,0.078479,51.373289,0.089119,1659.5928700953764,1805.4,2169.1
132,51.36318,0.109239,51.373289,0.089119,1660.103180500069,1954.2,2265.5
133,51.36318,0.109239,51.373289,0.089119,1673.8212245364514,1954.3,2265.5
134,51.361349,0.064287,51.373289,0.089119,1682.9626435903913,1777.9,2073.1
135,51.374262,0.105042,51.373289,0.089119,1683.0100378673476,1930.9,2166.3
136,51.394739,0.075845,51.373289,0.089119,1714.539767510811,1895.6,2364.7
137,51.402296,0.109148,51.373289,0.089119,1757.012132038875,1947.4,2503.7
138,51.312788,0.031036,51.373289,0.089119,1768.937452600276,-1.0,-1.0
139,51.406868,0.076718,51.373289,0.089119,1784.5000847215988,2329.3,2900.7
140,51.386154,0.060555,51.373289,0.089119,1835.3346388306436,1944.9,2534.2
141,51.405966,0.064753,51.373289,0.089119,1847.018664455046,-1.0,-1.0
142,51.408169,0.098927,51.373289,0.089119,1850.1059923880455,2372.9,3219.4
143,51.391474,0.048143,51.373289,0.089119,1875.2712427566635,2431.5,3258.2
144,51.36975,0.081367,51.373289,0.089119,1879.3331056990653,2041.6,2221.4
145,51.362608,0.097022,51.373289,0.089119,1890.4434943740528,1931.3,2187.5
146,51.308226,0.037141,51.373289,0.089119,1903.0117843864664,-1.0,-1.0
147,51.411709,0.113374,51.373289,0.089119,1907.757848864919,2508.4,3255.6
148,51.395508,0.096271,51.373289,0.089119,1915.8240560600707,1962,2626.2
149,51.305445,0.020836,51.373289,0.089119,1917.277811505745,-1.0,-1.0
150,51.362651,0.083601,51.373289,0.089119,1949.4073281624878,2044.6,2302.5
151,51.358061,0.09107,51.373289,0.089119,1952.4735685633211,2240,2658.1
152,51.419098,0.075533,51.373289,0.089119,1985.197850176152,2217.3,2913.8
153,51.539407,-0.143418,51.373289,0.089119,1985.886348676327,-1.0,-1.0
154,51.386181,0.070901,51.373289,0.089119,2027.6115862878576,2129.3,2534.2
155,51.386181,0.070901,51.373289,0.089119,2037.355345047839,2129.3,2534.2
156,51.377957,0.111321,51.373289,0.089119,2056.1898499162508,2251.9,2559.6
157,51.379202,0.101517,51.373289,0.089119,2095.1001843866607,2131.1,2559.6
158,51.353215,0.095823,51.373289,0.089119,2096.21997128853,2469.8,2841.8
159,51.371216,0.120965,51.373289,0.089119,2122.5295455620612,2499.6,3099.3
160,51.387122,0.078479,51.373289,0.089119,2126.484386358469,2264.5,2626.2
161,51.392836,0.096084,51.373289,0.089119,2148.09297057705,2580.3,3038.5
162,51.429169,0.105327,51.373289,0.089119,2158.2820858498494,-1.0,-1.0
163,51.368284,0.082987,51.373289,0.089119,2193.567963068663,2383.8,2566.6
164,51.361349,0.064287,51.373289,0.089119,2195.7731209503377,2373.3,2668.4
165,51.369828,0.089962,51.373289,0.089119,2207.5471321152895,2342.5,2488.1
166,51.361349,0.064287,51.373289,0.089119,2210.0222408300187,2373.3,2668.4
167,51.386313,0.045252,51.373289,0.089119,2226.441756018047,2581.2,3258.2
168,51.374059,0.0399,51.373289,0.089119,2260.6321228744273,2808.4,3328.3
169,51.359444,0.085241,51.373289,0.089119,2269.284099636814,2367.9,2658.1
170,51.393921,0.105288,51.373289,0.089119,2284.3971854423066,2755.9,3579.8
171,51.362212,0.091756,51.373289,0.089119,2289.688350491255,2490,2694
172,51.361349,0.064287,51.373289,0.089119,2403.151326506047,2707.9,3057.4
173,51.365635,0.098214,51.373289,0.089119,2411.9138364207115,2600,2788.7
174,51.374059,0.0399,51.373289,0.089119,2413.261277547244,2808.4,3328.3
175,51.363602,0.096649,51.373289,0.089119,2437.003474965541,2673.2,2990.4
176,51.377739,0.116504,51.373289,0.089119,2441.1809975555097,2719.4,3099.3
177,51.408169,0.098927,51.373289,0.089119,2442.1706316883256,2537,3219.4
178,51.371741,0.042793,51.373289,0.089119,2456.9474905739216,2726.5,3328.3
179,51.387417,0.03888,51.373289,0.089119,2485.3555993583986,-1.0,-1.0
180,51.315575,0.034027,51.373289,0.089119,2491.5474492203,-1.0,-1.0
181,51.386437,0.065909,51.373289,0.089119,2503.6938311499625,2948.1,3501.4
182,51.369122,0.063625,51.373289,0.089119,2505.375628918687,2829.2,3154.3
183,51.363707,0.06882,51.373289,0.089119,2521.4622628660404,2943.9,3483
184,51.409062,0.062033,51.373289,0.089119,2528.491954424563,-1.0,-1.0
185,51.376235,0.122352,51.373289,0.089119,2530.077047618448,2628.5,3099.3
186,51.393354,0.125955,51.373289,0.089119,2571.8084216304114,3141.5,4055.8
187,51.30615,0.042296,51.373289,0.089119,2587.3224503836186,-1.0,-1.0
188,51.390368,0.069627,51.373289,0.089119,2599.6193138513563,2853.8,3258.2
189,51.37176,0.056793,51.373289,0.089119,2633.1778591049724,2991.4,3380.2
190,51.306543,0.046027,51.373289,0.089119,2658.570437218694,-1.0,-1.0
191,51.306543,0.046027,51.373289,0.089119,2679.8716684157694,-1.0,-1.0
192,51.36975,0.081367,51.373289,0.089119,2698.868423866392,2851.6,3031.4
193,51.362212,0.091756,51.373289,0.089119,2706.750320512104,2785,2990.4
194,51.312317,0.035579,51.373289,0.089119,2714.647661002943,-1.0,-1.0
195,51.361702,0.097327,51.373289,0.089119,2729.5045665741613,2973,3417
196,51.409062,0.062033,51.373289,0.089119,2732.902055320217,-1.0,-1.0
197,51.389729,0.092299,51.373289,0.089119,2738.7199658694703,2818.3,3219.4
198,51.403993,0.110542,51.373289,0.089119,2739.71405418539,3025.3,3579.8
199,51.36379,0.095382,51.373289,0.089119,2757.8422540156735,2957.8,3192.6
200,51.411243,0.054439,51.373289,0.089119,2765.2503909007573,-1.0,-1.0
201,51.374951,0.014687,51.373289,0.089119,2776.981528409737,-1.0,-1.0
202,51.421269,0.067668,51.373289,0.089119,2781.1307768913944,-1.0,-1.0
203,51.422627,0.107933,51.373289,0.089119,2786.028871323149,-1.0,-1.0
204,51.368284,0.082987,51.373289,0.089119,2813.2596295556673,2872.6,3057.4
205,51.400049,0.059786,51.373289,0.089119,2817.5298489408556,-1.0,-1.0
206,51.426309,0.090386,51.373289,0.089119,2845.6817620456795,-1.0,-1.0
207,51.421269,0.067668,51.373289,0.089119,2853.3137898673626,-1.0,-1.0
208,51.306543,0.046027,51.373289,0.089119,2880.94181149779,-1.0,-1.0
209,51.392918,0.032157,51.373289,0.089119,2894.5012123469483,-1.0,-1.0
210,51.374262,0.105042,51.373289,0.089119,2897.02522711567,3130.9,3366.3
211,51.312788,0.031036,51.373289,0.089119,2899.5936099092837,-1.0,-1.0
212,51.419111,0.075381,51.373289,0.089119,2901.015591861502,-1.0,-1.0
213,51.379202,0.101517,51.373289,0.089119,2922.8293774778153,2989.5,3255.6
214,51.378707,0.099396,51.373289,0.089119,2934.279186510823,3120.4,3321.5
215,51.376122,0.017745,51.373289,0.089119,2940.0478863757226,3555.1,4231.5
216,51.38674,0.0711,51.373289,0.089119,2951.869906490594,3033.9,3501.4
217,51.423588,0.109037,51.373289,0.089119,2965.3144201174273,-1.0,-1.0
218,51.392279,0.035162,51.373289,0.089119,2968.852823845836,-1.0,-1.0
219,51.306952,0.023171,51.373289,0.089119,2971.0623534739543,-1.0,-1.0
220,51.366691,0.082858,51.373289,0.089119,2975.8332869719966,3125.8,3280.2
221,51.392836,0.096084,51.373289,0.089119,3001.64085964894,3450.3,4090.2
222,51.359077,0.110302,51.373289,0.089119,3036.7886678320265,3367.5,3842.4
223,51.306543,0.046027,51.373289,0.089119,3044.521550193726,-1.0,-1.0
224,51.375015,0.014733,51.373289,0.089119,3048.5412790160567,3595.6,4231.5
225,51.38334,0.116198,51.373289,0.089119,3050.2484312783695,3446.9,3967.9
226,51.411243,0.054439,51.373289,0.089119,3055.0193338183494,-1.0,-1.0
227,51.387122,0.078479,51.373289,0.089119,3056.5915699425964,3138.4,3501.4
228,51.36352,0.098566,51.373289,0.089119,3064.277606658459,3270,3474
229,51.362608,0.097022,51.373289,0.089119,3064.4427607114035,3160.1,3417
230,51.422627,0.107933,51.373289,0.089119,3078.6097480187673,-1.0,-1.0
231,51.332266,0.024189,51.373289,0.089119,3085.881695093304,-1.0,-1.0
232,51.434171,0.003511,51.373289,0.089119,3094.450312974345,-1.0,-1.0
233,51.367592,0.072076,51.373289,0.089119,3098.9229368745323,3183.4,3483
234,51.311086,0.034008,51.373289,0.089119,3112.0523157942034,-1.0,-1.0
235,51.421269,0.067668,51.373289,0.089119,3112.1811527067553,-1.0,-1.0
236,51.389729,0.092299,51.373289,0.089119,3114.045298074042,3458.7,3987.4
237,51.362608,0.097022,51.373289,0.089119,3115.8869232044312,3160.1,3417
238,51.372546,0.087542,51.373289,0.089119,3118.0421842270916,3161.7,3258.2
239,51.405357,0.089945,51.373289,0.089119,3123.0907679204233,3655.8,4517.3
240,51.400049,0.059786,51.373289,0.089119,3129.8259167160313,-1.0,-1.0
241,51.374589,0.107636,51.373289,0.089119,3130.8666974420566,3376.2,3615.3
242,51.374589,0.107636,51.373289,0.089119,3150.6013373435826,3376.2,3615.3
243,51.423287,0.062658,51.373289,0.089119,3163.9455949054773,-1.0,-1.0
244,51.398356,0.06212,51.373289,0.089119,3182.589685562944,-1.0,-1.0
245,51.377957,0.111321,51.373289,0.089119,3197.263882899814,3484,3825.7
246,51.381592,0.103512,51.373289,0.089119,3212.4063232204862,3511.8,3821.6
247,51.401571,0.108879,51.373289,0.089119,3246.746036838533,3480.3,4055.8
248,51.38678,0.079373,51.373289,0.089119,3259.092629463298,3615.5,4004.3
249,51.368284,0.082987,51.373289,0.089119,3287.3739239185825,3463.8,3646.6
250,51.362667,0.083672,51.373289,0.089119,3288.623124676008,3528.8,3783.8
251,51.387592,0.114488,51.373289,0.089119,3329.668046402473,3545.2,3967.9
252,51.383175,0.080856,51.373289,0.089119,3338.260409058911,3640.4,3974.2
253,51.38495,0.062738,51.373289,0.089119,3352.8089560334856,3848.5,4346.8
254,51.377192,0.083283,51.373289,0.089119,3375.993362400095,3564.3,3776
255,51.363602,0.096649,51.373289,0.089119,3383.873194571165,3603.2,3859.2
256,51.38593,0.101273,51.373289,0.089119,3414.9623407259296,3615.6,4090.2
257,51.393375,0.071298,51.373289,0.089119,3416.8417679678228,3831.1,4275.5
258,51.435428,0.115935,51.373289,0.089119,3439.378696569968,-1.0,-1.0
259,51.411259,0.054505,51.373289,0.089119,3465.2158385580638,-1.0,-1.0
260,51.389245,0.069895,51.373289,0.089119,3477.434436709453,3837.2,4305.3
261,51.371741,0.042793,51.373289,0.089119,3480.388966884469,3956.5,4558.3
262,51.363441,0.110437,51.373289,0.089119,3488.82173294445,3565.3,3842.4
263,51.385857,0.066954,51.373289,0.089119,3498.758202798408,3774.9,4346.8
264,51.376122,0.017745,51.373289,0.089119,3500.5146517903368,4095.1,4802.1
265,51.386778,0.07701,51.373289,0.089119,3514.5952766052083,3658.3,4004.3
266,51.402296,0.109148,51.373289,0.089119,3521.1912794315026,4078.7,4859.6
267,51.363441,0.110437,51.373289,0.089119,3522.9378072063164,3565.3,3842.4
268,51.411709,0.113374,51.373289,0.089119,3531.3282322001205,3899.2,4517.3
269,51.395508,0.096271,51.373289,0.089119,3550.999601888115,4032,4682.8
270,51.392592,0.0835,51.373289,0.089119,3581.429201553194,4007,4700.7
271,51.426309,0.090386,51.373289,0.089119,3585.323370273273,-1.0,-1.0
272,51.36714,0.120211,51.373289,0.089119,3592.6353176193275,3905.3,4266.1
273,51.306952,0.023171,51.373289,0.089119,3598.2752571717015,-1.0,-1.0
274,51.332266,0.024189,51.373289,0.089119,3602.3371855267155,-1.0,-1.0
275,51.369122,0.063625,51.373289,0.089119,3614.5711598527905,3939.2,4264.3
276,51.332266,0.024189,51.373289,0.089119,3619.2630316496816,-1.0,-1.0
277,51.385857,0.066954,51.373289,0.089119,3621.816182853502,3774.9,4346.8
278,51.395508,0.096271,51.373289,0.089119,3626.0572609534597,4032,4682.8
279,51.412201,0.046528,51.373289,0.089119,3628.7906558877053,-1.0,-1.0
280,51.360806,0.10564,51.373289,0.089119,3631.9308636059336,3922.1,4335.4
281,51.363608,0.098554,51.373289,0.089119,3633.4701577907217,3839,4047.4
282,51.376235,0.122352,51.373289,0.089119,3640.0540465209006,4067.5,4491.8
283,51.392991,0.054097,51.373289,0.089119,3650.435456040314,4163.5,4832.2
284,51.37176,0.056793,51.373289,0.089119,3692.0873644700805,4071.4,4460.2
285,51.354854,0.101794,51.373289,0.089119,3697.3274653309622,4091.1,4589
286,51.38495,0.062738,51.373289,0.089119,3699.058304082748,3848.5,4346.8
287,51.378707,0.099396,51.373289,0.089119,3712.0434247711255,3789.2,3987.4
288,51.38674,0.0711,51.373289,0.089119,3723.5689500497438,3911.1,4305.3
289,51.362667,0.083672,51.373289,0.089119,3725.322953943451,3978.8,4286.9
290,51.393921,0.105288,51.373289,0.089119,3744.4959720809375,4195.9,4692.3
291,51.405776,0.094894,51.373289,0.089119,3753.921052996142,4334.1,5212.9
292,51.315575,0.034027,51.373289,0.089119,3769.343997917488,-1.0,-1.0
293,51.409062,0.062033,51.373289,0.089119,3780.5127662225223,-1.0,-1.0
294,51.371216,0.120965,51.373289,0.089119,3785.7491477845697,4179.6,4574.1
295,51.36318,0.109239,51.373289,0.089119,3791.4081565105425,4005.8,4335.4
296,51.374059,0.0399,51.373289,0.089119,3799.044715255635,4038.4,4558.3
297,51.363475,0.098595,51.373289,0.089119,3811.6053663034163,3842.7,4047.4
298,51.391474,0.048143,51.373289,0.089119,3834.7098214339217,4260.6,4832.2
299,51.371822,0.056715,51.373289,0.089119,3835.699427173763,4071.3,4460.2
300,51.408169,0.098927,51.373289,0.089119,3850.391988987925,4283.1,4859.6
301,51.376122,0.017745,51.373289,0.089119,3851.9675491111834,4095.1,4802.1
302,51.401571,0.108879,51.373289,0.089119,3871.077652426102,4090.6,4859.6
303,51.379926,0.08453,51.373289,0.089119,3884.55023678682,4165.6,4596.3
304,51.377957,0.111321,51.373289,0.089119,3900.8434854185803,4204,4545.7
305,51.500591,0.054545,51.373289,0.089119,3906.105373629006,-1.0,-1.0
306,51.407665,0.057023,51.373289,0.089119,3923.3764212825913,-1.0,-1.0
307,51.405671,0.048299,51.373289,0.089119,3940.115570830592,-1.0,-1.0
308,51.353215,0.095823,51.373289,0.089119,3940.2147073132496,4197.3,4589
309,51.352513,0.091851,51.373289,0.089119,3944.5298197332922,4255.3,4589
310,51.405966,0.064753,51.373289,0.089119,3949.4299528670635,-1.0,-1.0
311,51.435428,0.115935,51.373289,0.089119,3951.4247946960463,-1.0,-1.0
312,51.372859,0.1031,51.373289,0.089119,3954.9940338667434,4089.3,4243
313,51.306543,0.046027,51.373289,0.089119,3974.4225154234014,-1.0,-1.0
314,51.366122,0.100181,51.373289,0.089119,4004.087910677014,4132.1,4335.4
315,51.368284,0.082987,51.373289,0.089119,4008.1818016803168,4101,4286.9
316,51.387417,0.03888,51.373289,0.089119,4025.8275361515084,-1.0,-1.0
317,51.392836,0.096084,51.373289,0.089119,4029.066852782184,4191.5,4700.7
318,51.39042,0.069566,51.373289,0.089119,4047.669240463514,4420.9,5263.6
319,51.411709,0.113374,51.373289,0.089119,4058.939613327668,4668.4,-1.0
320,51.395508,0.096271,51.373289,0.089119,4062.112876161259,4121.9,4682.8
321,51.354854,0.101794,51.373289,0.089119,4080.972672458025,4128.6,4589
322,51.387122,0.078479,51.373289,0.089119,4099.552725169756,4427.2,5191.8
323,51.418051,0.077129,51.373289,0.089119,4111.698426877785,-1.0,-1.0
324,51.425058,0.106869,51.373289,0.089119,4131.14619193795,-1.0,-1.0
325,51.420579,0.061099,51.373289,0.089119,4142.593601424893,-1.0,-1.0
326,51.38674,0.0711,51.373289,0.089119,4145.4889884030035,4528.2,5175.3
327,51.387265,0.089019,51.373289,0.089119,4148.149289265119,4370,4700.7
328,51.422324,0.109729,51.373289,0.089119,4154.905611819776,-1.0,-1.0
329,51.371741,0.042793,51.373289,0.089119,4165.625116686048,4345.4,4802.1
330,51.405974,0.064899,51.373289,0.089119,4169.510353175744,-1.0,-1.0
331,51.366122,0.100181,51.373289,0.089119,4169.5399113085805,4351,4559.9
332,51.397793,0.09717,51.373289,0.089119,4188.690825258091,4686.2,5220
