54,51.387122,0.078479,51.373289,0.089119,600.7570444267649,693.5,1054.1
55,51.377192,0.083283,51.373289,0.089119,603.7006009962463,631.9,839.6
56,51.395533,0.12514,51.386682,0.0346,611.7520931409844,813.2,1828.3
57,51.36379,0.095382,51.373289,0.089119,620.8600992844194,662.4,898.9
58,51.390368,0.069627,51.373289,0.089119,624.2994839886386,748.8,1159.1
59,51.369122,0.063625,51.373289,0.089119,630.1449144024101,843.6,1169
60,51.391749,0.102255,51.375743,0.100441,632.3669618233763,899,1243
61,51.362651,0.083601,51.373289,0.089119,656.0816404053298,764.7,1021.8
62,51.363782,0.107029,51.373289,0.089119,656.5805824700933,719.3,1121.8
63,51.405966,0.064753,51.373289,0.089119,686.8180865479553,866,1620
64,51.384008,0.078137,51.373289,0.089119,715.0156826449244,746.9,1054.1
65,51.353438,0.095622,51.373289,0.089119,734.0817420593559,962.6,1464.3
66,51.411243,0.054439,51.373289,0.089119,735.6797789851189,1018.3,1716.1
67,51.36318,0.109239,51.373289,0.089119,744.2121860124342,812.5,1121.8
68,51.411243,0.054439,51.373289,0.089119,746.0058512888686,1018.3,1716.1
69,51.387265,0.089019,51.373289,0.089119,757.904768727683,876.7,1207.9
70,51.362989,0.04634,51.376786,0.100594,764.2547967789012,856.4,1470.7
71,51.383163,0.081111,51.373289,0.089119,765.2312623160788,860.9,1188.8
72,51.374262,0.105042,51.373289,0.089119,782.4367914477996,940.9,1176.3
73,51.377739,0.116504,51.373289,0.089119,786.9239099440887,948,1393.7
74,51.395508,0.096271,51.373289,0.089119,795.7261671426897,920.7,1444.8
75,51.31391,0.026202,51.386957,0.035708,796.9449347231983,1088.2,1987.5
76,51.383856,0.117846,51.373289,0.089119,808.6026193147354,893.9,1326.3
77,51.423164,0.061406,51.407703,0.073603,813.6969061141521,1206.5,1389.1
78,51.409062,0.062033,51.373289,0.089119,843.9388571273398,981.9,1620
79,51.359077,0.110302,51.373289,0.089119,862.3403864705523,1043.3,1400.3
80,51.359077,0.110302,51.373289,0.089119,877.7769927562179,1043.3,1400.3
81,51.389245,0.069895,51.373289,0.089119,883.4888567409095,919.7,1312.5
82,51.312317,0.035579,51.373289,0.089119,889.2119125930833,1184.5,2432.4
83,51.379202,0.101517,51.373289,0.089119,899.9784358895254,986,1256.5
84,51.423164,0.061406,51.407703,0.073603,902.4405328287878,1206.5,1389.1
85,51.35808,0.090973,51.373289,0.089119,915.5777022655658,949.9,1231
86,51.362667,0.083672,51.373289,0.089119,920.9462413583229,1033.1,1379.9
87,51.392991,0.054097,51.373289,0.089119,929.4475786441222,1062.8,1706.3
88,51.398356,0.06212,51.373289,0.089119,932.4544618895158,1404.1,2298.2
89,51.363602,0.096649,51.373289,0.089119,935.5490105000027,1058.5,1415.2
90,51.363579,0.098549,51.373289,0.089119,955.9501786187313,1019.9,1224.7
91,51.375015,0.014733,51.373289,0.089119,961.4809673113936,1283.1,1918.1
92,51.394784,0.123207,51.373289,0.089119,963.3100738960549,1211.5,1842.4
93,51.377739,0.116504,51.373289,0.089119,965.1713331636101,1026.3,1393.7
94,51.390368,0.069627,51.373289,0.089119,966.2018170515429,1120.8,1531.3
95,51.384008,0.078137,51.373289,0.089119,982.0098619970943,1007,1312.5
96,51.371216,0.120965,51.373289,0.089119,990.3073257658957,1180.8,1574.4
97,51.366691,0.082858,51.373289,0.089119,1000.0503148748156,1057.6,1215.6
98,51.36352,0.098566,51.373289,0.089119,1002.6145302823588,1020.7,1224.7
99,51.426309,0.090386,51.373289,0.089119,1004.2157353315043,1374.1,2576.6
100,51.36975,0.081367,51.373289,0.089119,1007.6731421519366,1080,1259.8
101,51.363608,0.098554,51.373289,0.089119,1026.3754103408935,1140.6,1343.6
102,51.361702,0.097327,51.373289,0.089119,1051.8463735780276,1207.7,1509.7
103,51.362667,0.083672,51.373289,0.089119,1055.3037579637273,1121.5,1379.9
104,51.422627,0.107933,51.373289,0.089119,1056.443128257095,1226,2576.6
105,51.359199,0.085731,51.373289,0.089119,1062.013056191412,1172.6,1464.3
106,51.38533,0.071763,51.366476,0.066757,1062.1327402635768,1136.2,1472.2
107,51.361349,0.064287,51.373289,0.089119,1072.3992926189085,1231.4,1527.1
108,51.359371,0.08532,51.365322,0.064306,1077.6691374875581,1298.1,1588.4
109,51.386154,0.060555,51.373289,0.089119,1083.8786555862162,1207.9,1706.3
110,51.375015,0.014733,51.373289,0.089119,1083.9720213018277,1283.1,1918.1
111,51.39686,0.096915,51.41796,0.089729,1085.3229327974036,1335.2,1759.1
112,51.392798,0.032048,51.369474,0.035665,1086.6575242959227,1553.3,1939.8
113,51.372613,0.016006,51.373289,0.089119,1088.2194018954774,1225.9,1918.1
114,51.372465,0.078545,51.375813,0.100675,1091.878016651271,1129.3,1346.2
115,51.363602,0.096649,51.373289,0.089119,1096.7588537855795,1162.1,1415.2
116,51.435428,0.115935,51.373289,0.089119,1097.5130882309372,1609,2576.6
117,51.381592,0.103512,51.373289,0.089119,1111.8144149256623,1317.5,1630
118,51.359444,0.085241,51.373289,0.089119,1136.699767052965,1178.3,1464.3
119,51.369122,0.063625,51.373289,0.089119,1145.647113220644,1356.1,1681.2
120,51.403993,0.110542,51.373289,0.089119,1146.552385788494,1574.4,2381.3
121,51.306543,0.046027,51.373289,0.089119,1176.296877590658,1412.8,3019.2
122,51.332266,0.024189,51.373289,0.089119,1193.0981859158487,1607.6,2432.4
123,51.374262,0.105042,51.373289,0.089119,1198.8085538141434,1331.6,1566.8
124,51.393442,0.034359,51.373289,0.089119,1221.3382801247292,1664.4,2364
125,51.389245,0.069895,51.373289,0.089119,1230.192871076808,1314.4,1706.3
126,51.306543,0.046027,51.373289,0.089119,1240.3968381391994,1412.8,3019.2
127,51.359077,0.110302,51.373289,0.089119,1245.176838776093,1260,1618.2
128,51.419111,0.075381,51.373289,0.089119,1246.4425149887659,1615.6,2313.9
129,51.384917,0.082606,51.373289,0.089119,1252.5229000144232,1401.1,1829.4
130,51.36714,0.120211,51.373289,0.089119,1266.7783759615152,1415.3,1776.1
131,51.38279,0.058729,51.365276,0.064394,1275.644109741565,1651,2207.4
132,51.389065,0.076755,51.407709,0.073591,1279.0442220168297,1509,1837
133,51.312788,0.031036,51.373289,0.089119,1280.8944432343978,1308.9,2432.4
134,51.369122,0.063625,51.373289,0.089119,1283.9678736971775,1356.1,1681.2
135,51.37176,0.056793,51.373289,0.089119,1285.9487141956824,1491.7,1880.3
136,51.38525,0.059724,51.367386,0.104318,1288.2243643566062,1745.2,2678.5
137,51.340601,0.110805,51.373289,0.089119,1289.3398622387965,1573.2,2121.2
138,51.376235,0.122352,51.373289,0.089119,1294.111084015421,1572.9,2001.4
139,51.387417,0.03888,51.373289,0.089119,1301.634298516912,1705.6,2463.3
140,51.394739,0.075845,51.373289,0.089119,1331.818662299846,1693.1,2163.4
141,51.362212,0.091756,51.373289,0.089119,1333.072968969169,1350,1554
142,51.371216,0.120965,51.373289,0.089119,1342.483044555122,1569.6,1971.4
143,51.386313,0.045252,51.373289,0.089119,1350.8353784796489,1828.6,2474.6
144,51.421226,0.067638,51.373289,0.089119,1362.0120999711755,1859.8,2508.4
145,51.423164,0.061406,51.407703,0.073603,1370.105898748605,1866.3,2048.9
146,51.353438,0.095622,51.373289,0.089119,1373.9006071289327,1657.1,2083.4
147,51.356318,0.099467,51.373289,0.089119,1378.001585558855,1574.7,2083.4
148,51.409062,0.062033,51.373289,0.089119,1383.5356577274877,1660.4,2298.2
149,51.387122,0.078479,51.373289,0.089119,1400.2790268780657,1469.4,1829.4
150,51.394739,0.075845,51.373289,0.089119,1400.9961757622139,1693.1,2163.4
151,51.36318,0.109239,51.373289,0.089119,1411.6436021928591,1564.5,1875.7
152,51.387278,0.089104,51.373289,0.089119,1421.4069336408259,1587.2,1921.6
153,51.38334,0.116198,51.373289,0.089119,1433.2143480534482,1616.9,2056.8
154,51.363579,0.098549,51.373289,0.089119,1437.0275406277196,1440,1643.4
155,51.383856,0.117846,51.373289,0.089119,1449.5435478154156,1652.2,2082.2
156,51.405357,0.089945,51.373289,0.089119,1452.670629573757,1855.3,2389.9
157,51.308226,0.037141,51.373289,0.089119,1456.2216649685447,1601,3019.2
158,51.401226,0.116967,51.373289,0.089119,1457.6672897604305,1882.7,2454.2
159,51.36318,0.109239,51.373289,0.089119,1460.2538510398083,1564.6,1875.7
160,51.359077,0.110302,51.373289,0.089119,1474.3333104731028,1733.5,2090.6
161,51.394432,0.098349,51.369452,0.035717,1487.1208462325656,1931.7,2715.6
162,51.363608,0.098554,51.373289,0.089119,1489.468318780031,1591.1,1794.2
163,51.371462,0.068718,51.373289,0.089119,1502.949123337912,1583,1858.3
164,51.386181,0.070901,51.373289,0.089119,1516.6164671344998,1809.4,2315
165,51.422627,0.107933,51.373289,0.089119,1530.0810859550909,1838,2576.6
166,51.401988,0.103609,51.381191,0.104231,1538.376810817464,1688.5,2054.6
167,51.386313,0.045252,51.373289,0.089119,1540.4750439389315,1828.6,2474.6
168,51.305445,0.020836,51.373289,0.089119,1542.4029145220895,1883.3,3019.2
169,51.421269,0.067668,51.373289,0.089119,1547.299095885988,1860.4,2508.4
170,51.352513,0.091851,51.373289,0.089119,1555.0673218005843,1760.6,2095.6
171,51.371741,0.042793,51.373289,0.089119,1557.8828804630514,1706.5,2163.2
172,51.379202,0.101517,51.373289,0.089119,1557.9043006924696,1572.8,1842.4
173,51.369569,0.093063,51.373289,0.089119,1571.7826120404934,1641.4,1754.9
174,51.352513,0.091851,51.373289,0.089119,1575.69038463489,1760.6,2095.6
175,51.340601,0.110805,51.373289,0.089119,1577.5979112754217,1605.1,2121.2
176,51.371822,0.056715,51.373289,0.089119,1587.3817379947984,1773.4,2243.6
177,51.392836,0.096084,51.373289,0.089119,1594.760563889831,1862.8,2319.4
178,51.369569,0.093063,51.373289,0.089119,1597.3974766935005,1641.4,1754.9
179,51.306952,0.023171,51.373289,0.089119,1599.2065215995697,-1.0,-1.0
180,51.360929,0.075853,51.369346,0.035762,1602.3081460117603,1948.2,2323.4
181,51.376122,0.017745,51.373289,0.089119,1622.4874479750913,2141.9,2734.7
182,51.366122,0.100181,51.373289,0.089119,1640.6792587378986,1773.6,1982
183,51.383683,0.055719,51.373289,0.089119,1667.470180237128,1821.5,2422
184,51.353215,0.095823,51.373289,0.089119,1676.255517879729,1708.7,2083.4
185,51.395508,0.096271,51.373289,0.089119,1693.774736814678,1992,2514.2
186,51.366122,0.100181,51.373289,0.089119,1700.5741283648458,1773.6,1982
187,51.392027,0.111732,51.373289,0.089119,1715.3894327996254,1799.1,2197.8
188,51.363707,0.06882,51.373289,0.089119,1719.011326670275,1997.7,2433.2
189,51.406061,0.092701,51.426083,0.102051,1737.9951129774327,2015.6,2588.1
190,51.367592,0.072076,51.373289,0.089119,1741.1999014880737,1917,2217.3
191,51.379926,0.08453,51.373289,0.089119,1742.121950823327,1915.8,2215.8
192,51.387278,0.089104,51.373289,0.089119,1759.1002316622667,2000.2,2331.2
193,51.395508,0.096271,51.373289,0.089119,1766.43036450153,1992,2514.2
194,51.385857,0.066954,51.373289,0.089119,1783.9124224541008,1870.8,2315
195,51.395508,0.096271,51.373289,0.089119,1799.7514762145506,1992,2514.2
196,51.365635,0.098214,51.373289,0.089119,1801.5867952521883,1970,2239.1
197,51.372641,0.097814,51.373289,0.089119,1819.4703809068335,1851,1971.4
198,51.369122,0.063625,51.373289,0.089119,1820.2967327923016,1915.9,2243.6
199,51.381121,0.102078,51.407013,0.072698,1832.0151002206717,1943.8,2418.5
200,51.369569,0.093063,51.373289,0.089119,1844.539700606249,1917.1,2030.1
201,51.377957,0.111321,51.373289,0.089119,1868.5206775412228,1925.2,2231.2
202,51.30615,0.042296,51.373289,0.089119,1896.8942132578838,-1.0,-1.0
203,51.387265,0.089019,51.373289,0.089119,1943.3799491722582,1999.9,2331.2
204,51.359199,0.085731,51.373289,0.089119,1953.6081987254474,2164.5,2457.2
205,51.384008,0.078137,51.373289,0.089119,1979.3672844060172,2007.8,2315
206,51.35808,0.090973,51.373289,0.089119,1989.5372088912386,2232.8,2510.2
207,51.353438,0.095622,51.373289,0.089119,1990.7990036898332,2344.6,2714.4
208,51.363707,0.06882,51.373289,0.089119,1994.523273725895,2024.7,2433.2
209,51.362608,0.097022,51.373289,0.089119,1998.4353483284817,2217.4,2472.3
210,51.365635,0.098214,51.373289,0.089119,2007.3631410297257,2054.2,2239.1
211,51.397793,0.09717,51.373289,0.089119,2007.5017996242027,2182.4,2799.3
212,51.411709,0.113374,51.373289,0.089119,2008.1694087399842,2238.4,2968.4
213,51.369122,0.063625,51.373289,0.089119,2008.213806702589,2010,2336.4
214,51.362608,0.097022,51.373289,0.089119,2017.3998636689637,2217.4,2472.3
215,51.392836,0.096084,51.373289,0.089119,2021.2300815238652,2198.9,2652.1
216,51.419111,0.075381,51.373289,0.089119,2043.1159938273063,2300.4,3163.5
217,51.401988,0.103609,51.381191,0.104231,2046.6084799678217,2385.3,2753.2
218,51.387191,0.114103,51.366065,0.055464,2046.8202934484361,2221.2,3141.6
219,51.305112,0.020112,51.392665,0.034982,2052.1481561676346,-1.0,-1.0
220,51.360806,0.10564,51.373289,0.089119,2056.2883078243444,2271.9,2564.1
221,51.385283,0.044986,51.369527,0.035625,2059.8602062400714,2195.6,2474.8
222,51.359444,0.085241,51.373289,0.089119,2075.3853391375237,2170.2,2457.2
223,51.390368,0.069627,51.373289,0.089119,2093.865370681827,2237.8,2654.1
224,51.394739,0.075845,51.373289,0.089119,2097.732197165368,2354.6,2824.5
225,51.397221,0.046395,51.373289,0.089119,2108.6066291336274,2522.7,3232.3
226,51.417305,0.115911,51.373289,0.089119,2117.1781622703434,2307.6,2968.4
227,51.406061,0.092701,51.426083,0.102051,2117.4173481610223,2242,2588.1
228,51.354854,0.101794,51.373289,0.089119,2128.1211120099506,2463.8,2872.7
229,51.389245,0.069895,51.373289,0.089119,2139.4922175775805,2187.4,2654.1
230,51.38334,0.116198,51.373289,0.089119,2188.4360139260207,2299.9,2767.3
231,51.395533,0.12514,51.386682,0.0346,2197.441696029625,2678.7,3589
232,51.359077,0.110302,51.373289,0.089119,2198.1509031593932,2445.8,2886.7
233,51.362651,0.083601,51.373289,0.089119,2203.8881788914646,2354.4,2611.7
234,51.312317,0.035579,51.373289,0.089119,2224.4231037712025,-1.0,-1.0
235,51.332266,0.024189,51.373289,0.089119,2228.046287051402,2764.3,3589.7
236,51.30615,0.042296,51.373289,0.089119,2228.694117135252,-1.0,-1.0
237,51.383856,0.117846,51.373289,0.089119,2247.2065821213964,2335.2,2767.3
238,51.362212,0.091756,51.373289,0.089119,2251.287154883815,2306.8,2511.6
239,51.363475,0.098595,51.373289,0.089119,2252.4139426353477,2358.6,2564.1
240,51.38334,0.116198,51.373289,0.089119,2265.48559023858,2299.9,2767.3
241,51.373184,0.065185,51.375196,0.098807,2266.586041681054,2379.1,2654
242,51.359077,0.110302,51.373289,0.089119,2269.3364316409507,2435.8,2793.5
243,51.373184,0.065185,51.375196,0.098807,2284.1784909266157,2379.1,2654
244,51.405974,0.064899,51.373289,0.089119,2290.201516835573,2601.7,3731.9
245,51.421269,0.067668,51.373289,0.089119,2295.06568064941,2516.9,3163.5
246,51.374951,0.014687,51.373289,0.089119,2296.9665161895387,2622.4,3259.1
247,51.363782,0.107029,51.373289,0.089119,2306.966112577653,2430.6,2719.2
248,51.377739,0.116504,51.373289,0.089119,2314.0209479327323,2532.3,2904.7
249,51.389729,0.092299,51.373289,0.089119,2317.3559660185592,2397.8,2799.3
250,51.332266,0.024189,51.373289,0.089119,2329.078888562074,2764.3,3589.7
251,51.359199,0.085731,51.373289,0.089119,2335.1569259074113,2451.4,2730.9
252,51.358061,0.09107,51.373289,0.089119,2338.473171638978,2450.3,2731.4
253,51.384597,0.103294,51.416012,0.117947,2343.414814589593,2621.1,3144.6
254,51.395533,0.12514,51.386682,0.0346,2383.270341428542,2678.7999999999997,3589
255,51.368284,0.082987,51.373289,0.089119,2384.9403713427173,2443.4,2626.2
256,51.372546,0.087542,51.373289,0.089119,2411.159471305298,2450.4,2545.4
257,51.361349,0.064287,51.373289,0.089119,2444.7782739920026,2556,2851.2
258,51.386154,0.060555,51.373289,0.089119,2447.8873699623646,2537.2,3146
259,51.359077,0.110302,51.373289,0.089119,2465.2288004689976,2528.8,2886.7
260,51.391005,0.084979,51.373289,0.089119,2472.1266326123296,2619.8,3018.6
261,51.397662,0.122674,51.418611,0.089081,2486.694157789961,2799.5,3412.9
262,51.374589,0.107636,51.373289,0.089119,2513.6352711829445,2566.2,2805.3
263,51.395508,0.096271,51.373289,0.089119,2516.498476273011,2922,3444.2
264,51.391474,0.048143,51.373289,0.089119,2542.484190990547,2660.4,3232.3
265,51.360806,0.10564,51.373289,0.089119,2542.7976256223556,2607.3,2903
266,51.417305,0.115911,51.373289,0.089119,2559.4728660601977,2712.3,3374.2
267,51.363602,0.096649,51.373289,0.089119,2568.824733223416,2707.3,2962.3
268,51.363602,0.096649,51.373289,0.089119,2569.2226025464734,2707.3,2962.3
269,51.386437,0.065909,51.373289,0.089119,2580.4871253694996,2686.1,3146
270,51.384008,0.078137,51.373289,0.089119,2605.9868165159087,2728.2,3075.3
271,51.353215,0.095823,51.373289,0.089119,2609.562384026698,2857.7,3230.3
272,51.396677,0.113421,51.375202,0.099462,2613.1580444505416,2823.4,3133.7
273,51.312317,0.035579,51.373289,0.089119,2620.3717427907754,-1.0,-1.0
274,51.36714,0.120211,51.373289,0.089119,2632.185901440771,2765.3,3219
275,51.383683,0.055719,51.373289,0.089119,2632.928409696578,3061.5,3657.4
276,51.36049,0.089292,51.376034,0.097798,2648.116933262494,2814.6,3045.1
277,51.383258,0.08116,51.373289,0.089119,2651.7617896389515,2836.3,3169
278,51.379202,0.101517,51.373289,0.089119,2656.256579330767,2749.1,3015.3
279,51.361702,0.097327,51.373289,0.089119,2663.917221441949,2842.9,3144.7
280,51.379926,0.08453,51.373289,0.089119,2697.7633811104183,2866.9,3167.2
281,51.383175,0.080856,51.373289,0.089119,2699.303510674842,2833.3,3169
282,51.35808,0.090973,51.373289,0.089119,2706.670339317895,2910.8,3225.3
283,51.384008,0.078137,51.373289,0.089119,2767.02370158202,2840.8,3146
284,51.374262,0.105042,51.373289,0.089119,2773.43915633124,2898.6,3132.9
285,51.37245,0.084292,51.378905,0.100827,2781.840504365295,2819,3028.2
286,51.394784,0.123207,51.373289,0.089119,2790.6591874704914,3078.5,3656.7
287,51.377208,0.078399,51.373289,0.089119,2791.5685979690256,2836,3075.3
288,51.306952,0.023171,51.373289,0.089119,2793.4854505609364,-1.0,-1.0
289,51.36049,0.089292,51.376034,0.097798,2794.8528977989763,2827.5,3045.1
290,51.36714,0.120211,51.373289,0.089119,2811.3289075948396,2860.1,3219
291,51.397662,0.122674,51.418611,0.089081,2833.358468973758,2890.7,3412.9
292,51.384008,0.078137,51.373289,0.089119,2851.9378145982346,2926.7,3232.3
293,51.387191,0.114103,51.366065,0.055464,2855.0332119541745,2907.8,3787.2
294,51.386437,0.065909,51.373289,0.089119,2859.6849839875244,3098.1,3709.8
295,51.387265,0.089019,51.373289,0.089119,2860.2241163506396,2989.1,3319.9
296,51.391431,0.048291,51.373289,0.089119,2863.688540946055,3242.7,3813.1
297,51.363707,0.06882,51.373289,0.089119,2866.9830408211897,3067.8,3477.7
298,51.408169,0.098927,51.373289,0.089119,2873.9502614109306,3009.5,3731.9
299,51.312317,0.035579,51.373289,0.089119,2877.583021254476,3252,4901
300,51.36318,0.109239,51.373289,0.089119,2878.9428997356795,2971.6,3277.6
301,51.387265,0.089019,51.373289,0.089119,2882.4765977704055,2989.1,3319.9
302,51.392279,0.035162,51.373289,0.089119,2885.812445494679,3255.8,4254.2
303,51.389729,0.092299,51.373289,0.089119,2888.4650044216864,3124.7,3521.7
304,51.376235,0.122352,51.373289,0.089119,2902.4511701931747,3073.1,3501.4
305,51.37245,0.084292,51.378905,0.100827,2909.925664239477,2911.3,3119.9
306,51.387592,0.114488,51.373289,0.089119,2913.01754841725,2992.2,3414.6
307,51.377208,0.078399,51.373289,0.089119,2943.3087195108524,3012.4,3253.7
308,51.386778,0.07701,51.373289,0.089119,2960.76752244659,3051.8,3465.1
309,51.387265,0.089019,51.373289,0.089119,2961.965094847797,2989.1,3319.9
310,51.405776,0.094894,51.373289,0.089119,2974.3107983731384,3114,3731.9
311,51.362212,0.091756,51.373289,0.089119,2977.390551016483,3019.3,3225.3
312,51.363579,0.098549,51.373289,0.089119,2993.8669120413097,3000.6,3203.9
313,51.387592,0.114488,51.373289,0.089119,3008.2188641290236,3139.8,3563.5
314,51.362608,0.097022,51.373289,0.089119,3008.810253604459,3117.4,3372.3
315,51.360806,0.10564,51.373289,0.089119,3017.1643077260833,3137.7,3434.1
316,51.406868,0.076718,51.373289,0.089119,3024.2348642176808,3348.5,3920.2
317,51.394739,0.075845,51.373289,0.089119,3024.852433296064,3284.6,3754.5
318,51.394784,0.123207,51.373289,0.089119,3030.2577546950497,3078.5,3656.7
319,51.369122,0.063625,51.373289,0.089119,3031.2960210028355,3144,3472
320,51.369122,0.063625,51.373289,0.089119,3035.178526607688,3144,3472
321,51.372641,0.097814,51.373289,0.089119,3039.8003192993087,3070.6,3192.6
322,51.361349,0.064287,51.373289,0.089119,3053.525936694266,3157.9,3453.1
323,51.377192,0.083283,51.373289,0.089119,3059.2285496829345,3173.3,3385.6
324,51.360806,0.10564,51.373289,0.089119,3061.3729402905074,3137.7,3434.1
325,51.306689,0.036265,51.373289,0.089119,3064.4651394434113,3438.4,4901
326,51.392692,0.076061,51.373289,0.089119,3100.570808270708,3264.8,3695
327,51.377739,0.116504,51.373289,0.089119,3102.144338638185,3249.5,3620.2
328,51.365635,0.098214,51.373289,0.089119,3102.2140904796165,3128.8,3314
329,51.418051,0.077129,51.373289,0.089119,3106.874028591855,3521.2,4189.9
330,51.384008,0.078137,51.373289,0.089119,3115.9445072180947,3154.4,3465.1
331,51.38495,0.062738,51.373289,0.089119,3119.8993367364437,3198.5,3709.8
332,51.378707,0.099396,51.373289,0.089119,3120.2923642938476,3254.2,3454.3
333,51.378707,0.099396,51.373289,0.089119,3122.7110207865003,3254.2,3454.3
334,51.397737,0.051201,51.373289,0.089119,3134.43572161366,3470.1,4254.2
335,51.409601,0.053088,51.373289,0.089119,3154.454107270608,3656.2,4369
336,51.332266,0.024189,51.373289,0.089119,3203.989995942402,3536,4547.5
337,51.366122,0.100181,51.373289,0.089119,3206.7066386905954,3270.9,3479.8
338,51.386437,0.065909,51.373289,0.089119,3215.210205271092,3249.4,3709.8
339,51.359077,0.110302,51.373289,0.089119,3224.7469811670135,3466.6,3825
340,51.354732,0.101482,51.377414,0.100986,3228.276032562537,3524.8,4033.6
341,51.385857,0.066954,51.373289,0.089119,3240.3418536026825,3276.8,3709.8
342,51.401226,0.116967,51.373289,0.089119,3243.1890756068115,3521.3,4148.3
343,51.36318,0.109239,51.373289,0.089119,3251.4671897685275,3476,3784.4
344,51.36318,0.109239,51.373289,0.089119,3271.565135556206,3476.1,3784.4
345,51.408169,0.098927,51.373289,0.089119,3271.8238019086016,3542.9,4116.1
346,51.383258,0.08116,51.373289,0.089119,3273.4158224293706,3409.4,3744.2
347,51.312788,0.031036,51.373289,0.089119,3279.9160728242155,3327.8,4901
348,51.403993,0.110542,51.373289,0.089119,3286.1580370824786,3714.2,4336.8
349,51.384917,0.082606,51.373289,0.089119,3291.1094504838634,3471.1,3817.4
350,51.387592,0.114488,51.373289,0.089119,3292.1079238276166,3566.8,3986.7
351,51.369122,0.063625,51.373289,0.089119,3346.725348270251,3451.3,3777.3
352,51.36318,0.109239,51.373289,0.089119,3352.7206651839488,3476.2,3784.4
353,51.383258,0.08116,51.373289,0.089119,3360.639695802285,3409.4,3744.2
354,51.36714,0.120211,51.373289,0.089119,3363.4536892507285,3515.3,3876.1
355,51.362212,0.091756,51.373289,0.089119,3367.3129894544054,3450.3,3654.4
356,51.369122,0.063625,51.373289,0.089119,3367.6243169612753,3451.3,3777.3
357,51.366691,0.082858,51.373289,0.089119,3379.429964020288,3432.6,3589.7
358,51.36352,0.098566,51.373289,0.089119,3383.967165056214,3533.3,3739.2
359,51.38334,0.116198,51.373289,0.089119,3388.9326755977954,3626.9,4066.8
360,51.359444,0.085241,51.373289,0.089119,3391.1465039580494,3549.3999999999996,3834.7
361,51.392836,0.096084,51.373289,0.089119,3405.7234679227176,3660.3,4118.5
362,51.359199,0.085731,51.373289,0.089119,3415.1512188785596,3543.7,3834.7
363,51.358061,0.09107,51.373289,0.089119,3452.0230962669084,3710,4128.1
364,51.382804,0.058775,51.373289,0.089119,3452.432223140445,3728.4,4334.1
365,51.362608,0.097022,51.373289,0.089119,3493.0789964218493,3657.4,3940.8
366,51.363475,0.098595,51.373289,0.089119,3505.3420613294993,3534.1000000000004,3739.2
367,51.374589,0.107636,51.373289,0.089119,3509.706908181754,3557.9,3796.7
368,51.38533,0.071763,51.366476,0.066757,3514.871891485011,3646.9,3990
369,51.382804,0.058775,51.373289,0.089119,3520.7866309337182,3728.4,4334.1
370,51.387265,0.089019,51.373289,0.089119,3524.538486419022,3573.5,3906.1
371,51.383856,0.117846,51.373289,0.089119,3534.0666318833855,3627.3,4058.7
372,51.371741,0.042793,51.373289,0.089119,3535.0463470317895,3650.4,4252.6
373,51.397793,0.09717,51.373289,0.089119,3553.139998866707,3786.2,4522
374,51.387417,0.03888,51.373289,0.089119,3562.6916932967833,3717.2,4497.1
375,51.363579,0.098549,51.373289,0.089119,3570.067611414794,3661.1,3864.5
376,51.366122,0.100181,51.373289,0.089119,3576.492522014463,3698.5,3906.3
377,51.371741,0.042793,51.373289,0.089119,3582.024652497397,3650.4,4252.6
378,51.391431,0.048291,51.373289,0.089119,3589.363551800607,3684.5,4254.2
379,51.389245,0.069895,51.373289,0.089119,3601.814028175944,3687.2,4106.8
380,51.332266,0.024189,51.373289,0.089119,3622.4419321585765,3718.1,4547.5
381,51.401988,0.103609,51.381191,0.104231,3632.527671915924,3847.6,4373.5
382,51.377208,0.078399,51.373289,0.089119,3644.945165473929,3723.8,3960.6
383,51.354854,0.101794,51.373289,0.089119,3653.9696539099045,3939.7,4471
384,51.304181,0.039261,51.373289,0.089119,3667.758680704559,-1.0,-1.0
385,51.367544,0.096128,51.365274,0.064172,3668.3468508203155,3768.5,4097.8
386,51.395508,0.096271,51.373289,0.089119,3673.31473778801,3802.1,4325.8
387,51.374059,0.0399,51.373289,0.089119,3684.743880041806,4010.8,4529.9
388,51.36379,0.095382,51.373289,0.089119,3684.80320103956,3705.4,3940.8
389,51.312788,0.031036,51.373289,0.089119,3694.7605930524046,3895.3,4901
390,51.392027,0.111732,51.373289,0.089119,3703.9796534409465,3749.6,4148.3
391,51.363707,0.06882,51.373289,0.089119,3714.9350257744936,4020.7,4434.3
392,51.371822,0.056715,51.373289,0.089119,3733.8272862023955,3867.3,4252.6
393,51.398217,0.058386,51.373092,0.087254,3743.4506793946434,4004.9,4788.5
394,51.359444,0.085241,51.373289,0.089119,3748.012980708236,3837.9,4128.1
395,51.386313,0.045252,51.373289,0.089119,3753.1176743524734,3860.7,4497.1
396,51.394739,0.075845,51.373289,0.089119,3753.43760768195,3915,4394.4
397,51.401226,0.116967,51.373289,0.089119,3759.9186324478637,4043.3,4614.5
398,51.377192,0.083283,51.373289,0.089119,3760.8223841799927,3895.8,4106.8
399,51.360806,0.10564,51.373289,0.089119,3762.9492537087976,3889.5,4185.3
400,51.396666,0.103044,51.374848,0.115339,3769.4748797336956,3850.6,4203.1
401,51.374059,0.0399,51.373289,0.089119,3772.1830559580812,4010.8,4529.9
402,51.411778,0.10569,51.406905,0.105448,3773.004094573127,4126.8,4302.6
403,51.362608,0.097022,51.373289,0.089119,3782.938804948082,3867.4,4150.1
404,51.396677,0.113421,51.375202,0.099462,3795.4417772701318,3837.9,4148
405,51.363602,0.096649,51.373289,0.089119,3801.0915690612883,3895.9,4150.1
406,51.359199,0.085731,51.373289,0.089119,3821.7156044589133,3844,4128.1
407,51.353438,0.095622,51.373289,0.089119,3831.6580145399435,3860.4,4471
408,51.379926,0.08453,51.373289,0.089119,3834.5899042264987,3935.5,4236.5
409,51.358061,0.09107,51.373289,0.089119,3836.299127838606,4010,4316.3
410,51.405974,0.064899,51.373289,0.089119,3843.7065533793766,4214.2,4910.7
411,51.383258,0.08116,51.373289,0.089119,3847.171831850508,3995.1,4333.4
412,51.386181,0.070901,51.373289,0.089119,3848.0889207281125,3928.9,4334.1
413,51.372859,0.1031,51.373289,0.089119,3857.084573192267,3880.7,4034.1
414,51.36714,0.120211,51.373289,0.089119,3863.895465471389,4055.3,4416.1
415,51.362913,0.069291,51.377894,0.101348,3870.1031514042206,4009.4,4525
416,51.423588,0.109037,51.373289,0.089119,3872.2026894879195,4407.8,5178.9
417,51.367592,0.072076,51.373289,0.089119,3874.4205694299394,4076.8,4377.3
418,51.372546,0.087542,51.373289,0.089119,3876.341617930133,3908.2,4005.6
419,51.315575,0.034027,51.373289,0.089119,3890.639734760072,-1.0,-1.0
420,51.352513,0.091851,51.373289,0.089119,3898.536453660839,4137.7,4471
421,51.401988,0.103609,51.381191,0.104231,3908.4157535717063,4006,4373.5
422,51.36318,0.109239,51.373289,0.089119,3924.1541559251577,3964.8,4275.8
423,51.423588,0.109037,51.373289,0.089119,3930.375642330612,4407.8,5178.9
424,51.312317,0.035579,51.373289,0.089119,3950.920458273314,-1.0,-1.0
425,51.369828,0.089962,51.373289,0.089119,3951.053533405294,4042.8,4192.3
426,51.356318,0.099467,51.373289,0.089119,3953.628194106933,4011.9,4471
427,51.401226,0.116967,51.373289,0.089119,4011.2778249000994,4043.3,4614.5
428,51.371822,0.056715,51.373289,0.089119,4017.782790977442,4161.3,4550.2
429,51.356318,0.099467,51.373289,0.089119,4018.8499957266363,4248.5,4818.5
430,51.362651,0.083601,51.373289,0.089119,4026.481856782148,4157.6,4466.8
431,51.359077,0.110302,51.373289,0.089119,4033.917088245745,4276.8,4635
432,51.384008,0.078137,51.373289,0.089119,4058.22465687515,4082.8,4394.4
433,51.332266,0.024189,51.373289,0.089119,4059.1528664867637,-1.0,-1.0
434,51.362212,0.091756,51.373289,0.089119,4060.2062529336513,4112.1,4316.3
435,51.362913,0.069291,51.377894,0.101348,4069.3896308323638,4157.8,4525
436,51.356318,0.099467,51.373289,0.089119,4076.442824376174,4248.5,4818.5
437,51.368284,0.082987,51.373289,0.089119,4084.8123537191173,4149.9,4436.6
438,51.36379,0.095382,51.373289,0.089119,4093.4801704825286,4277.8,4512.6
439,51.391431,0.048291,51.373289,0.089119,4093.605098348865,4203.5,4911
440,51.372859,0.1031,51.373289,0.089119,4099.391480534534,4209.3,4363
441,51.359077,0.110302,51.373289,0.089119,4099.969235307776,4276.8,4635
442,51.398356,0.06212,51.373289,0.089119,4102.488925278871,4524.1,5284.1
443,51.363707,0.06882,51.373289,0.089119,4108.681235973122,4228.6,4641.8
444,51.371741,0.042793,51.373289,0.089119,4113.7487077502665,4435.5,4892.4
445,51.374059,0.0399,51.373289,0.089119,4117.847674940346,4486.2,5007.3
446,51.315575,0.034027,51.373289,0.089119,4118.8775447309945,-1.0,-1.0
447,51.395533,0.12514,51.386682,0.0346,4122.468977295604,4543.9,-1.0
448,51.363707,0.06882,51.373289,0.089119,4139.710322487305,4228.6,4641.8
449,51.38495,0.062738,51.373289,0.089119,4140.439260527136,4400.5,4971.7
450,51.38408,0.115081,51.376816,0.099724,4150.7055904604795,4338,4547.4
451,51.374262,0.105042,51.373289,0.089119,4150.966547640794,4246.8,4482
452,51.36714,0.120211,51.373289,0.089119,4168.695264228241,4215.2,4646.7
453,51.368284,0.082987,51.373289,0.089119,4175.385882508069,4280.7,4466.8
454,51.387592,0.114488,51.373289,0.089119,4180.675642514427,4366.7,4786.8
455,51.36975,0.081367,51.373289,0.089119,4189.37576386119,4255.6,4436.6
