90,51.358061,0.09107,51.373289,0.089119,606.7598794453123,740.4,1046.5
91,51.386437,0.065909,51.373289,0.089119,608.7595542073514,745,1190.7
92,51.361349,0.064287,51.373289,0.089119,611.1201252506529,686.4,1048.8
93,51.372613,0.016006,51.373289,0.089119,624.2436246577075,761.8,1407.9
94,51.363602,0.096649,51.373289,0.089119,626.3015997273327,658,911.9
95,51.363579,0.098549,51.373289,0.089119,639.869037394104,751.6,957.6
96,51.374589,0.107636,51.373289,0.089119,641.1068350999655,677.2,916.2
97,51.390368,0.069627,51.373289,0.089119,641.7921402665507,706.6,1123.6
98,51.384008,0.078137,51.373289,0.089119,652.3050022352435,660,973.4
99,51.394784,0.123207,51.373289,0.089119,657.8230844264373,748,1326.8
100,51.402296,0.109148,51.373289,0.089119,660.6032321039294,914.3,1530.2
101,51.363475,0.098595,51.373289,0.089119,662.3085184141813,753.0,957.6
102,51.306689,0.036265,51.373289,0.089119,663.3733716407011,912.3,2177.8
103,51.36975,0.081367,51.373289,0.089119,665.6726591742332,775.2,955.6
104,51.363579,0.098549,51.373289,0.089119,678.1102733541769,751.6,957.6
105,51.361702,0.097327,51.373289,0.089119,695.0492890037367,920.4,1223.5
106,51.375793,0.107093,51.373289,0.089119,696.9865434997713,783.5,1081.2
107,51.38334,0.116198,51.373289,0.089119,697.8092826798893,899.6,1422.7
108,51.362651,0.083601,51.373289,0.089119,700.1085552935975,920.8000000000001,1185.6
109,51.422627,0.107933,51.373289,0.089119,700.8662734470225,761.8,1706.7
110,51.358061,0.09107,51.373289,0.089119,704.5704559535077,740.4,1046.5
111,51.395533,0.12514,51.386682,0.0346,704.6500497384983,1096.6,2003.7
112,51.361349,0.064287,51.373289,0.089119,711.4776396256545,753.8,1048.8
113,51.389065,0.076755,51.407709,0.073591,714.982257172692,786.4,1340.5
114,51.359199,0.085731,51.373289,0.089119,719.1117878571085,904.5,1241.7
115,51.387278,0.089104,51.373289,0.089119,721.2673090732602,783.3,1116.1
116,51.39686,0.096915,51.41796,0.089729,722.1657089787404,990.2,1410.4
117,51.395533,0.12514,51.386682,0.0346,723.053255557514,1096.6999999999998,2003.7
118,51.372613,0.016006,51.373289,0.089119,724.0919547560973,761.8,1407.9
119,51.360921,0.075825,51.386599,0.034845,726.5250520844994,1039.8,1552.5
120,51.363602,0.096649,51.373289,0.089119,729.7709668868289,933.2,1189.2
121,51.404697,0.056189,51.373289,0.089119,730.2725572253805,906.1,1842.7
122,51.393442,0.034359,51.373289,0.089119,739.7834027492057,1008.7,1705.6
123,51.315575,0.034027,51.373289,0.089119,746.2144890489614,1310.6,2729.3
124,51.395508,0.096271,51.373289,0.089119,755.1997589631923,1021.1,1819.8
125,51.372613,0.016006,51.373289,0.089119,768.8295502398614,800.5,1407.9
126,51.418293,0.128845,51.373289,0.089119,769.4315858225428,934.6,1706.7
127,51.306543,0.046027,51.373289,0.089119,789.2126364029349,935,2729.3
128,51.361349,0.064287,51.373289,0.089119,793.3536105639961,964,1259
129,51.362212,0.091756,51.373289,0.089119,800.3650880250364,842.4,1046.5
130,51.332266,0.024189,51.373289,0.089119,811.538502316592,1349.2,2177.8
131,51.406061,0.092701,51.426083,0.102051,812.444267116969,1051.3,1395.1
132,51.393354,0.125955,51.373289,0.089119,823.3056381673679,1257.6,1867.4
133,51.362667,0.083672,51.373289,0.089119,835.7575028809936,920.2,1185.6
134,51.389245,0.069895,51.373289,0.089119,841.6460926964365,900.6,1366.7
135,51.306543,0.046027,51.373289,0.089119,848.4320613364231,935,2729.3
136,51.359077,0.110302,51.373289,0.089119,851.6109166015119,877.5,1353.8
137,51.411709,0.113374,51.373289,0.089119,852.4526322827817,1088.9,1702.8
138,51.384917,0.082606,51.373289,0.089119,856.4962852905643,1050.7,1389.7
139,51.36714,0.120211,51.373289,0.089119,865.9766385819415,1055.3,1416.1
140,51.387191,0.114103,51.366065,0.055464,880.641776796297,982.3,1794.9
141,51.392836,0.096084,51.373289,0.089119,883.3598701648106,1202.8,1659.4
142,51.362882,0.108944,51.367496,0.076858,885.31746216072,1063.8,1475.5
143,51.389666,0.120895,51.362571,0.095189,891.2134623177203,1339.7,1910.8
144,51.39086,0.103895,51.407694,0.073487,893.4746471227379,1008.9,1341.3
145,51.311086,0.034008,51.373289,0.089119,894.7051041677955,-1.0,-1.0
146,51.36714,0.120211,51.373289,0.089119,896.7490349851021,1055.3,1416.1
147,51.37176,0.056793,51.373289,0.089119,898.0663580832148,1066.7,1468.4
148,51.421544,0.060143,51.382413,0.045041,899.5797391567902,1299,2179.5
149,51.359199,0.085731,51.373289,0.089119,900.3215813834684,956.1,1241.7
150,51.371216,0.120965,51.373289,0.089119,906.5795864745993,1239.6,1748.9
151,51.371462,0.068718,51.373289,0.089119,912.1341590967938,1103.9,1378.8
152,51.403993,0.110542,51.373289,0.089119,912.9794777934856,970.7,1530.2
153,51.383683,0.055719,51.373289,0.089119,922.2196572262521,1136.6,2066.5
154,51.391474,0.048143,51.373289,0.089119,926.7619488049869,1160.9,1842.7
155,51.377739,0.116504,51.373289,0.089119,934.1948306513918,1191.4,1569.3
156,51.358061,0.09107,51.373289,0.089119,940.2482682813778,1130,1411.2
157,51.387122,0.078479,51.373289,0.089119,951.383151144956,1005.2,1366.7
158,51.394739,0.075845,51.373289,0.089119,951.8600783839674,1290,1907.3
159,51.36318,0.109239,51.373289,0.089119,958.9409618690997,1044.8,1353.8
160,51.387592,0.114488,51.373289,0.089119,959.7002819793519,1000.8,1422.7
161,51.392027,0.111732,51.373289,0.089119,968.9101404555878,1136.2,1530.2
162,51.383856,0.117846,51.373289,0.089119,977.2336906742657,1265.4,1694.1
163,51.304181,0.039261,51.373289,0.089119,985.3008997211829,-1.0,-1.0
164,51.4096,0.053079,51.373289,0.089119,985.3486772219145,1523.8,2238.1
165,51.365635,0.098214,51.373289,0.089119,987.4282878887295,1070,1258.7
166,51.308226,0.037141,51.373289,0.089119,989.7898414571771,1595,2729.3
167,51.393354,0.125955,51.373289,0.089119,990.7512287728105,1257.6,1867.4
168,51.372613,0.016006,51.373289,0.089119,992.7242247391965,1456.9,2066
169,51.38279,0.058729,51.365276,0.064394,1001.2283502538944,1179.2,1738.6
170,51.363608,0.098554,51.373289,0.089119,1002.7894955411074,1109,1312
171,51.371462,0.068718,51.373289,0.089119,1011.7546672642437,1103.9,1378.8
172,51.371216,0.120965,51.373289,0.089119,1017.1862725958714,1239.6,1748.9
173,51.36714,0.120211,51.373289,0.089119,1018.7155841398052,1055.3,1416.1
174,51.386181,0.070901,51.373289,0.089119,1027.804810499364,1137.4,1573.4
175,51.372859,0.1031,51.373289,0.089119,1037.1774005336301,1060.7,1214.1
176,51.401988,0.103609,51.381191,0.104231,1042.6943262957197,1425.2,1793
177,51.371462,0.068718,51.373289,0.089119,1044.0897192908753,1103.9,1378.8
178,51.306952,0.023171,51.373289,0.089119,1045.3718156793948,-1.0,-1.0
179,51.377739,0.116504,51.373289,0.089119,1048.6279348914568,1191.4,1569.3
180,51.356318,0.099467,51.373289,0.089119,1053.7940567656708,1370.6,1822.7
181,51.398217,0.058386,51.373092,0.087254,1056.50501832375,1508.7,2060.5
182,51.356318,0.099467,51.373289,0.089119,1059.1038136859488,1370.6,1822.7
183,51.359199,0.085731,51.373289,0.089119,1060.3723806936075,1195.2,1473.8
184,51.371822,0.056715,51.373289,0.089119,1066.87894239562,1088.3,1468.4
185,51.392836,0.096084,51.373289,0.089119,1071.7861006427456,1202.8,1659.4
186,51.38678,0.079373,51.373289,0.089119,1089.8896670534818,1248.6,1635.4
187,51.397793,0.09717,51.373289,0.089119,1091.64329948709,1213.3,1819.8
188,51.361479,0.107549,51.373289,0.089119,1092.8463729511507,1261.7,1656.5
189,51.359176,0.085596,51.36659,0.066972,1094.9090536581195,1312.2,1637.6
190,51.376122,0.017745,51.373289,0.089119,1108.328943144502,1485.4,2337.8
191,51.394784,0.123207,51.373289,0.089119,1114.322103535419,1518.5,2096.7
192,51.354732,0.101482,51.377414,0.100986,1118.4114057132797,1423.5,1933
193,51.353215,0.095823,51.373289,0.089119,1124.253939834554,1451.2,1822.7
194,51.395508,0.096271,51.373289,0.089119,1135.904787937327,1293.4,1819.8
195,51.392592,0.0835,51.373289,0.089119,1137.1516137170709,1337,1783.4
196,51.366122,0.100181,51.373289,0.089119,1141.6734293548818,1291,1499.9
197,51.37176,0.056793,51.373289,0.089119,1145.3634814201157,1449.2,1829.1
198,51.354854,0.101794,51.373289,0.089119,1145.9766740965808,1306.4,1822.7
199,51.387278,0.089104,51.373289,0.089119,1157.2677808425608,1223.2,1553.7
200,51.395508,0.096271,51.373289,0.089119,1162.142556630255,1293.4,1819.8
201,51.385857,0.066954,51.373289,0.089119,1173.7686914759674,1375.1,1842.7
202,51.365635,0.098214,51.373289,0.089119,1174.9892380886356,1338,1525.8
203,51.372859,0.1031,51.373289,0.089119,1179.0171768682494,1260.2,1414.2
204,51.36318,0.109239,51.373289,0.089119,1195.172676763588,1349.6,1656.5
205,51.372641,0.097814,51.373289,0.089119,1207.0658405381184,1272.9,1394.4
206,51.377957,0.111321,51.373289,0.089119,1223.013967030682,1261.1,1569.3
207,51.384597,0.103294,51.416012,0.117947,1223.6483530083726,1392.4,1916.4
208,51.315575,0.034027,51.373289,0.089119,1227.0335966282942,-1.0,-1.0
209,51.377192,0.083283,51.373289,0.089119,1236.912664129456,1326.9,1543.1
210,51.363782,0.107029,51.373289,0.089119,1242.7113173256641,1314.2,1656.5
211,51.387265,0.089019,51.373289,0.089119,1273.625837550282,1316.9,1650.9
212,51.384008,0.078137,51.373289,0.089119,1290.7564639580573,1325.4,1635.4
213,51.376235,0.122352,51.373289,0.089119,1296.1705519003626,1607.5,2031.8
214,51.353438,0.095622,51.373289,0.089119,1297.0096863155372,1532.6,1910.1
215,51.423287,0.062658,51.373289,0.089119,1299.4864465321302,1542.3,2224.8
216,51.383163,0.081111,51.373289,0.089119,1302.0881028691333,1396.8,1726.4
217,51.365635,0.098214,51.373289,0.089119,1308.0253742190414,1338,1525.8
218,51.397793,0.09717,51.373289,0.089119,1308.1175866760232,1506.2,2269.1
219,51.378707,0.099396,51.373289,0.089119,1308.5615683642982,1387,1586.1
220,51.36714,0.120211,51.373289,0.089119,1308.5910944476414,1390,1748.9
221,51.409062,0.062033,51.373289,0.089119,1314.7001198999774,1434.6,2238.1
222,51.389245,0.069895,51.373289,0.089119,1318.9871617417814,1442.1,1842.7
223,51.359077,0.110302,51.373289,0.089119,1321.705102917293,1607.3,1965.3
224,51.411709,0.113374,51.373289,0.089119,1336.2599435631464,1593.6,2209.6
225,51.401988,0.103609,51.381191,0.104231,1339.4361574828602,1425.2,1793
226,51.377739,0.116504,51.373289,0.089119,1341.8368505949006,1624.9,1993.3
227,51.401988,0.103609,51.381191,0.104231,1344.1594670126344,1425.2,1793
228,51.387191,0.114103,51.366065,0.055464,1344.3003298386498,1463.5,2241.7
229,51.392796,0.072216,51.367227,0.104178,1347.8435311357107,1370,2153.5
230,51.362608,0.097022,51.373289,0.089119,1350.5968661019485,1456.7,1711.8
231,51.359444,0.085241,51.373289,0.089119,1360.921582394108,1526.9,1871.9
232,51.38678,0.079373,51.373289,0.089119,1361.6128400199518,1508.2,1894.3
233,51.390368,0.069627,51.373289,0.089119,1373.9026596321498,1568.6,1977.5
234,51.394739,0.075845,51.373289,0.089119,1376.4742245042369,1436.3,1907.3
235,51.38674,0.0711,51.373289,0.089119,1383.7060740254153,1581.9,1972
236,51.353215,0.095823,51.373289,0.089119,1385.6143530323172,1537.1,1910.1
237,51.371216,0.120965,51.373289,0.089119,1403.0610369447045,1747.4,2142.6
238,51.417305,0.115911,51.373289,0.089119,1408.7613841436623,1524.8,2209.6
239,51.406061,0.092701,51.426083,0.102051,1408.9204505090622,1595.6,1941.5
240,51.353438,0.095622,51.373289,0.089119,1416.038800202326,1532.6,1910.1
241,51.362212,0.091756,51.373289,0.089119,1421.4574118900575,1560,1764
242,51.359077,0.110302,51.373289,0.089119,1421.9290576051444,1607.3,1965.3
243,51.362651,0.083601,51.373289,0.089119,1425.744531818138,1510.8,1769.6
244,51.312317,0.035579,51.373289,0.089119,1439.400922063847,-1.0,-1.0
245,51.30615,0.042296,51.373289,0.089119,1441.854195742082,-1.0,-1.0
246,51.371741,0.042793,51.373289,0.089119,1442.2850237334078,1639.8,2097.1
247,51.425058,0.106869,51.373289,0.089119,1454.596412635067,1675.5,2425.6
248,51.362212,0.091756,51.373289,0.089119,1457.310125706625,1560,1764
249,51.421544,0.060143,51.382413,0.045041,1461.7969277116622,1634.5,2179.5
250,51.332266,0.024189,51.373289,0.089119,1462.1829372020866,2054.5,2880
251,51.306952,0.023171,51.373289,0.089119,1501.9135436937538,-1.0,-1.0
252,51.359077,0.110302,51.373289,0.089119,1503.7426421121895,1607.3,1965.3
253,51.362898,0.108847,51.382471,0.045073,1513.6130923252792,1725.4,2491.9
254,51.408169,0.098927,51.373289,0.089119,1517.6185996623865,1742.9,2316.1
255,51.377739,0.116504,51.373289,0.089119,1520.8534261664931,1624.9,1993.3
256,51.375015,0.014733,51.373289,0.089119,1522.117543375635,1617.8,2337.8
257,51.363782,0.107029,51.373289,0.089119,1528.76759889692,1717.9,2012.4
258,51.374589,0.107636,51.373289,0.089119,1533.4592929397481,1666.2,1905.3
259,51.359199,0.085731,51.373289,0.089119,1537.501384664068,1587,1871.9
260,51.405357,0.089945,51.373289,0.089119,1539.706795500785,1825.8,2360.1
261,51.384597,0.103294,51.416012,0.117947,1542.993148140679,1695.9,2216
262,51.36352,0.098566,51.373289,0.089119,1553.0862561041638,1650.0,1854
263,51.363579,0.098549,51.373289,0.089119,1566.4984690781152,1649.4,1854
264,51.368284,0.082987,51.373289,0.089119,1567.6090930693667,1624.3,1803.8
265,51.372546,0.087542,51.373289,0.089119,1585.04564387621,1597.7,1695.3
266,51.363707,0.06882,51.373289,0.089119,1599.394151143151,1679.3,2093.4
267,51.354732,0.101482,51.377414,0.100986,1608.1386545882394,1901.4,2412.3
268,51.397793,0.09717,51.373289,0.089119,1615.513569373141,1731.4,2269.1
269,51.361349,0.064287,51.373289,0.089119,1618.3294565006383,1681.7,1977.3
270,51.417305,0.115911,51.373289,0.089119,1625.899629158362,1763.9,2425.6
271,51.393375,0.071298,51.373289,0.089119,1630.4869109794745,1762.3,2206.4
272,51.397662,0.122674,51.418611,0.089081,1640.1747871175667,2079.5,2602.4
273,51.38593,0.101273,51.373289,0.089119,1658.0915002442612,1980.4,2451.1
274,51.391431,0.048291,51.373289,0.089119,1679.1496201423388,2029.8,2600.8
275,51.374589,0.107636,51.373289,0.089119,1691.2765133784244,1786.2,2025.3
276,51.377192,0.083283,51.373289,0.089119,1696.2079847520488,1797.5,2007.4
277,51.363475,0.098595,51.373289,0.089119,1705.8834775230896,1808.9,2014.2
278,51.340601,0.110805,51.373289,0.089119,1707.118750209922,2074.3,2613.5
279,51.363782,0.107029,51.373289,0.089119,1708.2282944796543,1717.9,2012.4
280,51.312317,0.035579,51.373289,0.089119,1717.506653647201,-1.0,-1.0
281,51.411259,0.054505,51.373289,0.089119,1717.7712496354643,2270.9,3053
282,51.381592,0.103512,51.373289,0.089119,1725.2625222115198,1780,2114.3
283,51.359077,0.110302,51.373289,0.089119,1727.340824039954,1932.6,2292.8
284,51.386313,0.045252,51.373289,0.089119,1727.7180477458437,1874,2600.8
285,51.384008,0.078137,51.373289,0.089119,1744.6761683856726,1793.7,2100.2
286,51.383683,0.055719,51.373289,0.089119,1745.169960428319,2011.5,2689.4
287,51.38533,0.071763,51.366476,0.066757,1755.27082061101,1868,2250.6
288,51.359077,0.110302,51.373289,0.089119,1761.5906984679195,1932.6,2292.8
289,51.375015,0.014733,51.373289,0.089119,1761.627809417967,2151.1,2787
290,51.383258,0.08116,51.373289,0.089119,1764.0517569784267,1927.3,2264.3
291,51.379202,0.101517,51.373289,0.089119,1767.0409377260219,1885,2156.3
292,51.361702,0.097327,51.373289,0.089119,1772.135512885936,1953,2278.9
293,51.38334,0.116198,51.373289,0.089119,1785.9408044120462,2036.9,2476.8
294,51.383258,0.08116,51.373289,0.089119,1786.9650404627696,1927.3,2264.3
295,51.358061,0.09107,51.373289,0.089119,1791.8642201486941,1970,2251.2
296,51.366122,0.100181,51.373289,0.089119,1797.7316334517063,1804.1,2012.4
297,51.384008,0.078137,51.373289,0.089119,1837.8685744216145,1897.1,2206.4
298,51.377208,0.078399,51.373289,0.089119,1842.9809058970693,1874,2114.4
299,51.386778,0.07701,51.373289,0.089119,1844.8282188744909,1862.6,2206.4
300,51.308226,0.037141,51.373289,0.089119,1850.4593293864918,-1.0,-1.0
301,51.383856,0.117846,51.373289,0.089119,1851.9760282570137,2067.3,2688.8
302,51.362667,0.083672,51.373289,0.089119,1856.2425134850894,1967,2222.8
303,51.362913,0.069291,51.377894,0.101348,1861.829682077865,2147.5,2514.7
304,51.306952,0.023171,51.373289,0.089119,1863.1044511452922,-1.0,-1.0
305,51.38533,0.071763,51.366476,0.066757,1864.0138478551637,1908.7,2250.6
306,51.360806,0.10564,51.373289,0.089119,1874.9709280871177,2060.5,2370.5
307,51.397662,0.122674,51.418611,0.089081,1889.6213000214782,2079.5,2602.4
308,51.376122,0.017745,51.373289,0.089119,1893.6551566194648,2110.6,2787
309,51.411862,0.105866,51.362488,0.095046,1896.1606980213169,2174.6,2949.1
310,51.384008,0.078137,51.373289,0.089119,1908.5165647139734,1998.7,2336
311,51.371822,0.056715,51.373289,0.089119,1920.3404027089805,2061.3,2450.2
312,51.391474,0.048143,51.373289,0.089119,1922.6443572902074,2028.5,2600.8
313,51.363707,0.06882,51.373289,0.089119,1924.8353064279697,2218.5,2628.5
314,51.369828,0.089962,51.373289,0.089119,1929.4687338136878,2042.5,2188.1
315,51.312317,0.035579,51.373289,0.089119,1931.8846367879105,-1.0,-1.0
316,51.36318,0.109239,51.373289,0.089119,1932.789000029306,2109.7,2420.2
317,51.387278,0.089104,51.373289,0.089119,1935.1390236916925,2004.8,2339.8
318,51.369122,0.063625,51.373289,0.089119,1938.0418287225984,2012.2,2337.8
319,51.365175,0.038369,51.36752,0.076758,1938.377365347591,2305,2733.4
320,51.306689,0.036265,51.373289,0.089119,1940.5958121444376,-1.0,-1.0
321,51.411862,0.105866,51.362488,0.095046,1942.3598497569,2174.6,2949.1
322,51.376235,0.122352,51.373289,0.089119,1951.6611030575675,2220.1,2768.4
323,51.363602,0.096649,51.373289,0.089119,1953.4822206463984,2024.6,2278.9
324,51.306689,0.036265,51.373289,0.089119,1958.2693806071597,-1.0,-1.0
325,51.393354,0.125955,51.373289,0.089119,1972.6174307043268,2421.5,3023.9
326,51.354732,0.101482,51.377414,0.100986,1992.76204072245,2194.2,2707.2
327,51.408582,0.058203,51.373289,0.089119,2000.9723334889088,2213.3,3053
328,51.36379,0.095382,51.373289,0.089119,2003.9777437854357,2069.6,2360.3
329,51.390716,0.105521,51.396915,0.106306,2008.5829107220786,2280.6,2554.7
330,51.38495,0.062738,51.373289,0.089119,2010.6310459942595,2190,2689.4
331,51.383163,0.081111,51.373289,0.089119,2011.0243391526737,2150.9,2478.8
332,51.360806,0.10564,51.373289,0.089119,2016.5800557616615,2060.5,2370.5
333,51.377192,0.083283,51.373289,0.089119,2021.2822048695386,2124.1,2336
334,51.393125,0.075682,51.373289,0.089119,2021.6929083119655,2311.9,2746.6
335,51.394784,0.123207,51.373289,0.089119,2025.2876221402526,2459.1,3042.2
336,51.371216,0.120965,51.373289,0.089119,2029.0129412757913,2289.6,2684.1
337,51.387122,0.078479,51.373289,0.089119,2033.2222832907696,2297.2,2719.7
338,51.359371,0.08532,51.365322,0.064306,2046.067662829995,2245.8,2533.9
339,51.377192,0.083283,51.373289,0.089119,2049.860085195774,2124.1,2336
340,51.362608,0.097022,51.373289,0.089119,2051.286174414398,2102.7,2360.3
341,51.387417,0.03888,51.373289,0.089119,2066.0737304139743,2135.4,2842.8
342,51.308226,0.037141,51.373289,0.089119,2068.1301430181993,-1.0,-1.0
343,51.392692,0.076061,51.373289,0.089119,2092.141582381896,2309,2746.6
344,51.384008,0.078137,51.373289,0.089119,2098.173744494041,2276.1,2655.4
345,51.38495,0.062738,51.373289,0.089119,2100.8038342350123,2190,2689.4
346,51.387278,0.089104,51.373289,0.089119,2104.8248367565484,2339.5,2673.7
347,51.392279,0.035162,51.373289,0.089119,2105.477565647022,2360.7,3146.5
348,51.369569,0.093063,51.373289,0.089119,2113.003239364109,2156.7,2269.8
349,51.362608,0.097022,51.373289,0.089119,2136.375846467831,2283.3,2540.5
350,51.363579,0.098549,51.373289,0.089119,2143.2750179280115,2167,2370.5
351,51.387417,0.03888,51.373289,0.089119,2144.526637122905,2186.6,2842.8
352,51.366122,0.100181,51.373289,0.089119,2146.3332925523637,2223.8,2432.1
353,51.381592,0.103512,51.373289,0.089119,2151.9884397897526,2251.8,2561.6
354,51.38334,0.116198,51.373289,0.089119,2155.2346497075046,2252.7,2688.8
355,51.377192,0.083283,51.373289,0.089119,2159.2069434829195,2246,2456.8
356,51.359077,0.110302,51.373289,0.089119,2165.549208384462,2306,2667.7
357,51.35583,0.09426,51.367468,0.076871,2171.6503908352147,2371.9,2667.4
358,51.360921,0.075825,51.386599,0.034845,2184.276229127234,2495.3,3002.3
359,51.393354,0.125955,51.373289,0.089119,2186.1697239918253,2421.5,3023.9
360,51.36975,0.081367,51.373289,0.089119,2191.6749380675033,2290.3,2474.4
361,51.315575,0.034027,51.373289,0.089119,2196.3261843074506,-1.0,-1.0
362,51.374589,0.107636,51.373289,0.089119,2214.5088892526032,2266.2,2505.3
363,51.381121,0.102078,51.407013,0.072698,2217.8547674963934,2348.3,2828.5
364,51.409601,0.053088,51.373289,0.089119,2220.134144883568,2344.2,3053
365,51.418293,0.128845,51.373289,0.089119,2224.2852533151704,2371.6,3442.3
366,51.384917,0.082606,51.373289,0.089119,2227.578103621327,2399.1,2739.3
367,51.387592,0.114488,51.373289,0.089119,2228.2421207390953,2449.8,2873.5
368,51.36714,0.120211,51.373289,0.089119,2264.564477249886,2390.4,2743.3
369,51.36318,0.109239,51.373289,0.089119,2268.551557207551,2284.2,2653.9
370,51.383258,0.08116,51.373289,0.089119,2273.8179690948637,2386.5,2719.7
371,51.376235,0.122352,51.373289,0.089119,2274.498773485406,2341.9,2768.4
372,51.360806,0.10564,51.373289,0.089119,2276.3701702840735,2360.9,2653.9
373,51.362212,0.091756,51.373289,0.089119,2278.9367299362475,2296.2,2502.1
374,51.36714,0.120211,51.373289,0.089119,2279.143772813343,2390.4,2743.3
375,51.415646,0.053651,51.373289,0.089119,2286.9949105353057,2792.2,3750.2
376,51.384008,0.078137,51.373289,0.089119,2291.673679334879,2345.3,2655.4
377,51.392836,0.096084,51.373289,0.089119,2301.3678325721075,2580.3,3038.5
378,51.359199,0.085731,51.373289,0.089119,2307.637592356784,2451.2,2730.8
379,51.405357,0.089945,51.373289,0.089119,2332.158585233854,2665.8,3200.1
380,51.423072,0.10918,51.407821,0.073606,2340.789581367341,2522.2,2873.9
381,51.362667,0.083672,51.373289,0.089119,2349.7141602377733,2497.9,2757.8
382,51.418051,0.077129,51.373289,0.089119,2352.0838454057844,2822.1,3491.5
383,51.377208,0.078399,51.373289,0.089119,2353.2570069540907,2443.1,2684.1
384,51.362212,0.091756,51.373289,0.089119,2354.2213141934644,2409.7,2613.5
385,51.36379,0.095382,51.373289,0.089119,2362.376649602194,2477.8,2712.6
386,51.374589,0.107636,51.373289,0.089119,2365.2794141521613,2408.4,2649.1
387,51.395533,0.12514,51.386682,0.0346,2368.714295361366,2698.5,3985
388,51.383856,0.117846,51.373289,0.089119,2369.6275901466356,2607.3,3038.7
389,51.363608,0.098554,51.373289,0.089119,2373.5610834798854,2450.2000000000003,2653.9
390,51.371741,0.042793,51.373289,0.089119,2374.2126257901004,2480.5,2937.3
391,51.397793,0.09717,51.373289,0.089119,2386.2454903793173,2684.5,3403.4
392,51.36318,0.109239,51.373289,0.089119,2392.6009475302444,2464.2,2775
393,51.369122,0.063625,51.373289,0.089119,2398.953133740265,2575.5,2903
394,51.363579,0.098549,51.373289,0.089119,2403.858358221478,2449.8,2653.9
395,51.366122,0.100181,51.373289,0.089119,2408.131131896411,2493.8,2702.1
396,51.371741,0.042793,51.373289,0.089119,2411.81017787333,2480.5,2937.3
397,51.391431,0.048291,51.373289,0.089119,2416.6907836435266,2577.2,3146.5
398,51.389245,0.069895,51.373289,0.089119,2424.970753749205,2450.4,2842.8
399,51.403993,0.110542,51.373289,0.089119,2428.29627059204,2804.4,3357.4
400,51.383856,0.117846,51.373289,0.089119,2436.2598522182634,2607.3,3038.7
401,51.354732,0.101482,51.377414,0.100986,2444.517887681983,2714.7999999999997,3223.6
402,51.354854,0.101794,51.373289,0.089119,2450.519464827813,2742.6,3267.7
403,51.386154,0.060555,51.373289,0.089119,2459.6896143228396,2723.3,3381.1
404,51.421269,0.067668,51.373289,0.089119,2462.6365829577794,2820.4,3672
405,51.304181,0.039261,51.373289,0.089119,2470.2373327879172,-1.0,-1.0
406,51.353215,0.095823,51.373289,0.089119,2470.276783173046,2812.9,3189.4
407,51.311086,0.034008,51.373289,0.089119,2476.898771417624,-1.0,-1.0
408,51.384597,0.103294,51.416012,0.117947,2519.5130570003,2615.7,3139.6
409,51.377739,0.116504,51.373289,0.089119,2525.7039511147486,2683.7,3058.9
410,51.332266,0.024189,51.373289,0.089119,2540.6882961163556,-1.0,-1.0
411,51.392027,0.111732,51.373289,0.089119,2540.795853656665,2644.5,3042.2
412,51.401571,0.108879,51.373289,0.089119,2543.1621716044806,2910.3,3485.8
413,51.389729,0.092299,51.373289,0.089119,2549.371401433346,2670,3069.9
414,51.383163,0.081111,51.373289,0.089119,2556.6846650182206,2635.6,2965
415,51.392991,0.054097,51.373289,0.089119,2557.2856891958822,2753.7,3646.7
416,51.360806,0.10564,51.373289,0.089119,2558.700126329554,2754.2,3050.2
417,51.396666,0.103044,51.374848,0.115339,2563.0398790248023,2852.4,3205.4
418,51.304181,0.039261,51.373289,0.089119,2564.8409039416674,-1.0,-1.0
419,51.384597,0.103294,51.416012,0.117947,2565.3869212170907,2615.7,3139.6
420,51.383163,0.081111,51.373289,0.089119,2571.9938254377316,2635.6,2965
421,51.381121,0.102078,51.407013,0.072698,2574.429833100275,2646,3127.2
422,51.360806,0.10564,51.373289,0.089119,2575.381105182794,2754.2,3050.2
423,51.354747,0.101483,51.377317,0.100887,2583.6959867935702,2714.7,3223.6
424,51.35808,0.090973,51.373289,0.089119,2597.411638420287,2779.9,3061
425,51.37176,0.056793,51.373289,0.089119,2606.2679001034307,2689.9,3079.7
426,51.371822,0.056715,51.373289,0.089119,2610.4264092573035,2689.8,3079.7
427,51.353438,0.095622,51.373289,0.089119,2617.0384340319056,2808.4,3189.4
428,51.379926,0.08453,51.373289,0.089119,2618.988235648004,2752.3,3052.8
429,51.405357,0.089945,51.373289,0.089119,2620.1249247180062,2665.8,3200.1
430,51.408169,0.098927,51.373289,0.089119,2625.0511026559934,2891.3,3462.6
431,51.426655,0.09816,51.418592,0.103199,2633.508712069154,3168.5,3343.5
432,51.371552,0.121628,51.376815,0.099875,2652.851246369485,2797.2,3126.9
433,51.386181,0.070901,51.373289,0.089119,2653.4611401809266,2804.7,3203.5
434,51.372859,0.1031,51.373289,0.089119,2659.443540471394,2680.7,2834.1
435,51.36714,0.120211,51.373289,0.089119,2663.97300446651,2795.3,3156.1
436,51.390716,0.105521,51.396915,0.106306,2668.1013167013016,2905.5,3178.3
437,51.394819,0.121873,51.373289,0.089119,2680.6970288871,2775.3,3339.3
438,51.397662,0.122674,51.418611,0.089081,2687.2670833541765,3188.8,3742.3
439,51.372465,0.078545,51.375813,0.100675,2698.9816892952135,2745.2,2958.6
440,51.36318,0.109239,51.373289,0.089119,2709.4482366841835,2764.8,3075.8
441,51.383258,0.08116,51.373289,0.089119,2710.6225331264195,2808,3143
442,51.312317,0.035579,51.373289,0.089119,2724.285501249407,-1.0,-1.0
443,51.372859,0.1031,51.373289,0.089119,2724.3740005229592,2793.6,2999.6
444,51.377192,0.083283,51.373289,0.089119,2726.0862332921456,2816,3089
445,51.393354,0.125955,51.373289,0.089119,2764.4251052501995,3207.7,3819.3
446,51.387417,0.03888,51.373289,0.089119,2765.042394709998,3294,3977.1
447,51.362212,0.091756,51.373289,0.089119,2765.7429308201854,2850,3054
448,51.390716,0.105521,51.396915,0.106306,2771.8501746057414,2905.5,3178.3
449,51.406868,0.076718,51.373289,0.089119,2776.5407767908914,2921.1,3549.4
450,51.368284,0.082987,51.373289,0.089119,2782.106784923355,2829.9,3009.7
451,51.392027,0.111732,51.373289,0.089119,2790.414776848504,2941,3339.3
452,51.372859,0.1031,51.373289,0.089119,2794.2629084438763,2846.5,2999.6
453,51.359077,0.110302,51.373289,0.089119,2794.6471340836547,2905.7,3267.7
454,51.397737,0.051201,51.373289,0.089119,2796.322809536328,2999,3646.7
455,51.423287,0.062658,51.373289,0.089119,2800.440896739404,2906.5,3672
456,51.371741,0.042793,51.373289,0.089119,2803.8109296249922,3012.8,3644.4
457,51.408582,0.058203,51.373289,0.089119,2808.350390228711,2978.9,3750.2
458,51.387592,0.114488,51.373289,0.089119,2812.405508285266,3110.5,3533.7
459,51.304181,0.039261,51.373289,0.089119,2815.131454247081,-1.0,-1.0
460,51.312788,0.031036,51.373289,0.089119,2815.8163510190793,3427.8,4701
461,51.423164,0.061406,51.407703,0.073603,2818.2047700140693,2917.7,3100.2
462,51.385857,0.066954,51.373289,0.089119,2829.6708230762442,2948.7,3381.1
463,51.38495,0.062738,51.373289,0.089119,2830.155590485678,3159.7,3742.1
464,51.377192,0.083283,51.373289,0.089119,2831.197460873096,2880.8,3089
465,51.392836,0.096084,51.373289,0.089119,2836.4099488451725,2952.4,3403.4
466,51.397793,0.09717,51.373289,0.089119,2856.949791962202,3186.2,3820.4
467,51.368284,0.082987,51.373289,0.089119,2861.399269851676,2922.9,3105.7
468,51.306543,0.046027,51.373289,0.089119,2867.231123046073,-1.0,-1.0
469,51.362608,0.097022,51.373289,0.089119,2877.4751925339287,2997.4,3280.8
470,51.387592,0.114488,51.373289,0.089119,2880.993054292666,3110.5,3533.7
471,51.422627,0.107933,51.373289,0.089119,2898.145894314019,3271.7,4095
472,51.392991,0.054097,51.373289,0.089119,2905.975273300886,3105.7,3646.7
473,51.393442,0.034359,51.373289,0.089119,2911.9678009768722,3138.9,3977.1
474,51.4096,0.053079,51.373289,0.089119,2921.3617475407377,3036.7,3750.2
475,51.39042,0.069566,51.373289,0.089119,2929.6161419604846,3070.9,3481.8
476,51.371741,0.042793,51.373289,0.089119,2949.52152425343,3012.8,3644.4
477,51.362608,0.097022,51.373289,0.089119,2953.643256704954,2997.4,3280.8
478,51.377957,0.111321,51.373289,0.089119,2958.4596854047,3064,3405.7
479,51.308226,0.037141,51.373289,0.089119,2980.4657939838894,-1.0,-1.0
480,51.390368,0.069627,51.373289,0.089119,2986.7083098447906,3070.8,3481.8
481,51.38678,0.079373,51.373289,0.089119,2989.894476514644,3049.8,3435.9
482,51.356318,0.099467,51.373289,0.089119,2997.465905854214,3206.9,3686
483,51.36318,0.109239,51.373289,0.089119,3003.2581822470584,3137.5,3448.3
484,51.384008,0.078137,51.373289,0.089119,3004.2160036295486,3031.7,3344.1
485,51.369122,0.063625,51.373289,0.089119,3005.4688849014906,3175.8,3503.5
486,51.383163,0.081111,51.373289,0.089119,3006.7262340312045,3055.3,3384.7
487,51.374059,0.0399,51.373289,0.089119,3008.226957811178,3122.9,3644.4
488,51.332266,0.024189,51.373289,0.089119,3011.8384632755187,3489,4316
489,51.394739,0.075845,51.373289,0.089119,3012.573257601541,3164.6,3662.8
490,51.36379,0.095382,51.373289,0.089119,3013.9991564858906,3045.4,3280.8
491,51.371822,0.056715,51.373289,0.089119,3019.428725618907,3231.6,3620.2
492,51.392592,0.0835,51.373289,0.089119,3037.0836009928494,3131.4,3580.3
493,51.406061,0.092701,51.426083,0.102051,3037.8036245138546,3337.8,3692.8
494,51.369122,0.063625,51.373289,0.089119,3044.0888350031523,3175.8,3503.5
495,51.391005,0.084979,51.373289,0.089119,3058.1082546848234,3170.5,3649.7
496,51.391474,0.048143,51.373289,0.089119,3068.9361561300225,3301.5,3930.2
497,51.393354,0.125955,51.373289,0.089119,3074.2697759515354,3207.7,3819.3
498,51.377192,0.083283,51.373289,0.089119,3077.087913749731,3154.9,3361.7
499,51.394739,0.075845,51.373289,0.089119,3096.4196590583038,3164.6,3662.8
500,51.361349,0.064287,51.373289,0.089119,3097.058816035949,3271.9,3567.4
501,51.391431,0.048291,51.373289,0.089119,3099.902949439612,3300.2,3930.2
502,51.387417,0.03888,51.373289,0.089119,3100.3918117693634,3294,3977.1
503,51.362212,0.091756,51.373289,0.089119,3109.3492461960527,3213.7,3417.5
504,51.363608,0.098554,51.373289,0.089119,3111.467801388592,3238.8,3446.3
505,51.421226,0.067638,51.373289,0.089119,3112.8850977126626,3328.7,3977.9
506,51.311086,0.034008,51.373289,0.089119,3113.4418412112796,3737.2,5148.5
507,51.394739,0.075845,51.373289,0.089119,3126.1251918742923,3164.6,3662.8
508,51.372641,0.097814,51.373289,0.089119,3127.761636883699,3169.2,3289.4
509,51.305112,0.020112,51.392665,0.034982,3133.0542129030273,-1.0,-1.0
510,51.409601,0.053088,51.373289,0.089119,3133.1317624500552,3638.5,4475.2
511,51.372613,0.016006,51.373289,0.089119,3150.5403710270502,3646.1,4472.8
512,51.386181,0.070901,51.373289,0.089119,3154.194817396597,3342.7,3742.1
513,51.359077,0.110302,51.373289,0.089119,3154.6344714032034,3335.8,3693.5
514,51.374262,0.105042,51.373289,0.089119,3171.6664172765873,3270.6,3506.7
515,51.387265,0.089019,51.373289,0.089119,3172.73689220053,3219.9,3549.4
516,51.395533,0.12514,51.386682,0.0346,3178.0991686814536,3240.6,4353.5
517,51.391005,0.084979,51.373289,0.089119,3186.5114591910283,3251.4,3649.7
518,51.393354,0.125955,51.373289,0.089119,3194.8521058304714,3211.1,3819.3
519,51.368738,0.055865,51.369416,0.035622,3200.4892110842493,3406.3,3651.4
520,51.395508,0.096271,51.373289,0.089119,3205.0506370745748,3274.8,3820.4
521,51.36352,0.098566,51.373289,0.089119,3213.295422741713,3242.1,3446.3
522,51.387592,0.114488,51.373289,0.089119,3218.188706561333,3289.8,3713.5
523,51.377192,0.083283,51.373289,0.089119,3228.0686693298594,3324.5,3536.1
524,51.377957,0.111321,51.373289,0.089119,3234.356237492249,3282.6,3583.5
525,51.386437,0.065909,51.373289,0.089119,3234.8660908188212,3267.4,3742.1
526,51.35808,0.090973,51.373289,0.089119,3246.02862393111,3390.8,3670.1
527,51.371216,0.120965,51.373289,0.089119,3248.1987592355913,3400.5,3794.4
528,51.387122,0.078479,51.373289,0.089119,3255.3850037911193,3302.6,3662.8
529,51.306543,0.046027,51.373289,0.089119,3257.105153218695,3818.5,4907.2
530,51.369828,0.089962,51.373289,0.089119,3261.7029931069815,3332.1,3477.8
531,51.332266,0.024189,51.373289,0.089119,3272.599228243177,3489,4316
532,51.402296,0.109148,51.373289,0.089119,3273.5797696595814,3435.2,3999.6
533,51.36714,0.120211,51.373289,0.089119,3275.0465459935454,3409.2,3827.4
534,51.371741,0.042793,51.373289,0.089119,3275.728075104297,3506.5,3963.2
535,51.405357,0.089945,51.373289,0.089119,3278.1532795515027,3595.8,4130.1
536,51.378707,0.099396,51.373289,0.089119,3289.985405662563,3399.7,3597.7
537,51.405357,0.089945,51.373289,0.089119,3290.5054839547993,3595.8,4130.1
538,51.306952,0.023171,51.373289,0.089119,3291.10606412733,-1.0,-1.0
539,51.359077,0.110302,51.373289,0.089119,3293.9089810700093,3335.8,3693.5
540,51.362913,0.069291,51.377894,0.101348,3304.4610040999205,3503.0,3912.3
541,51.387592,0.114488,51.373289,0.089119,3312.0445754587267,3348.1,3772.7
542,51.363782,0.107029,51.373289,0.089119,3312.3739010919435,3416.2,3705.6
543,51.306543,0.046027,51.373289,0.089119,3324.6900276632055,3818.5,4907.2
544,51.391431,0.048291,51.373289,0.089119,3327.7502784153257,3360.3,3930.2
545,51.377192,0.083283,51.373289,0.089119,3339.865017053284,3387.1,3597.3
546,51.365635,0.098214,51.373289,0.089119,3342.076371621483,3471.2,3659.3
547,51.361349,0.064287,51.373289,0.089119,3350.569306865398,3512.5,3807.7
548,51.384008,0.078137,51.373289,0.089119,3354.01470682093,3436.6,3742.1
549,51.363782,0.107029,51.373289,0.089119,3356.0073811770826,3416.2,3705.6
550,51.361702,0.097327,51.373289,0.089119,3361.4478225331472,3548.5,3850
551,51.392836,0.096084,51.373289,0.089119,3373.29863167411,3510.3,3968.5
552,51.36283,0.069857,51.373915,0.09662,3377.9845796398918,3501.8,3808.1
553,51.372859,0.1031,51.373289,0.089119,3378.602342431816,3430.1,3583.5
554,51.368284,0.082987,51.373289,0.089119,3380.152502271121,3463.7,3684.3
555,51.38593,0.101273,51.373289,0.089119,3380.6296829616354,3488.9,3958.2
556,51.383856,0.117846,51.373289,0.089119,3395.364051216028,3511,3941.6
557,51.363707,0.06882,51.373289,0.089119,3400.536473198199,3677.7,4084.9
558,51.398276,0.058493,51.37313,0.08726,3405.304771831937,3819,4455.9
559,51.332266,0.024189,51.373289,0.089119,3410.477360430974,3489,4316
560,51.426256,0.109774,51.373289,0.089119,3411.8189697304256,3600,4524.9
561,51.384597,0.103294,51.416012,0.117947,3418.1308835882537,3464.1,3985.5
562,51.389245,0.069895,51.373289,0.089119,3424.3976070794906,3537.2,3930.2
563,51.37795,0.077552,51.376739,0.09954,3426.2069698887803,3522.5,3789.4
564,51.387191,0.114103,51.366065,0.055464,3432.302591300645,3602.2,4263.9
565,51.387265,0.089019,51.373289,0.089119,3436.196673315697,3492,3820.4
566,51.362212,0.091756,51.373289,0.089119,3438.804010541685,3481.9,3686
567,51.383856,0.117846,51.373289,0.089119,3439.9000624757314,3511,3941.6
568,51.312317,0.035579,51.373289,0.089119,3444.7130623686658,3538.5,4701
569,51.392027,0.111732,51.373289,0.089119,3456.874621792161,3601.2,3999.6
570,51.366691,0.082858,51.373289,0.089119,3457.9971335393957,3488.5,3646.4
571,51.396677,0.113421,51.375202,0.099462,3459.342372280761,3591.8,3905.2
572,51.356318,0.099467,51.373289,0.089119,3461.4398734710144,3696.3,4151
573,51.362212,0.091756,51.373289,0.089119,3466.807482442016,3481.9,3686
574,51.368284,0.082987,51.373289,0.089119,3468.789332151609,3498.8,3684.3
575,51.332266,0.024189,51.373289,0.089119,3479.2427745145324,3489,4316
576,51.372859,0.1031,51.373289,0.089119,3480.319406674569,3520.7,3674.1
577,51.374589,0.107636,51.373289,0.089119,3482.828831315066,3588.7,3827.4
578,51.408169,0.098927,51.373289,0.089119,3489.954050698324,3718.9,4291.7
579,51.393354,0.125955,51.373289,0.089119,3507.613841225968,3957.8,4611.8
580,51.392592,0.0835,51.373289,0.089119,3507.7404076592297,3764.5,4212.2
581,51.361349,0.064287,51.373289,0.089119,3517.550994688401,3580.7,3875.9
582,51.361349,0.064287,51.373289,0.089119,3534.2732679763217,3580.7,3875.9
583,51.362212,0.091756,51.373289,0.089119,3545.2679800276874,3630,3834
584,51.389245,0.069895,51.373289,0.089119,3547.197648244748,3581.3,3977.1
585,51.381592,0.103512,51.373289,0.089119,3547.5028165331064,3762.3,4066.6
586,51.392592,0.0835,51.373289,0.089119,3554.3693638239447,3764.5,4212.2
587,51.369828,0.089962,51.373289,0.089119,3564.8782792725774,3632.1,3777.8
588,51.376235,0.122352,51.373289,0.089119,3571.1479518333786,3857.5,4281.8
589,51.312317,0.035579,51.373289,0.089119,3588.507400326518,3649,4701
590,51.381592,0.103512,51.373289,0.089119,3606.1284837495505,3762.3,4066.6
591,51.383163,0.081111,51.373289,0.089119,3615.287583985883,3706.8,4036.4
592,51.393354,0.125955,51.373289,0.089119,3616.09348562546,3957.8,4611.8
593,51.371462,0.068718,51.373289,0.089119,3630.606199849016,3740.2,4017.4
594,51.36975,0.081367,51.373289,0.089119,3638.1363232357166,3745.2,3925.6
595,51.353215,0.095823,51.373289,0.089119,3638.528509506288,3774.8,4151
596,51.362667,0.083672,51.373289,0.089119,3661.9793540624196,3744.5,4006.3
597,51.363608,0.098554,51.373289,0.089119,3662.5666780410784,3749,3952
598,51.374059,0.0399,51.373289,0.089119,3666.176718303779,3773.1,4291.2
599,51.408169,0.098927,51.373289,0.089119,3667.658687192552,3719.0,4291.7
600,51.375793,0.107093,51.373289,0.089119,3668.4637447420964,3785.2,4083.8
601,51.397793,0.09717,51.373289,0.089119,3671.656983181673,3966.2,4639.4
602,51.384008,0.078137,51.373289,0.089119,3675.6681977523817,3692,4004.1
603,51.397793,0.09717,51.373289,0.089119,3676.655772366688,3966.2,4639.4
604,51.365175,0.038369,51.36752,0.076758,3681.4597477805714,3945,4361.8
605,51.408169,0.098927,51.373289,0.089119,3682.470148914432,3719.1,4291.7
606,51.374951,0.014687,51.373289,0.089119,3708.794208536761,3838,4472.8
607,51.377957,0.111321,51.373289,0.089119,3714.266171342963,3874,4215.7
608,51.411243,0.054439,51.373289,0.089119,3716.9811408137834,3777,4475.2
609,51.389245,0.069895,51.373289,0.089119,3724.9523731140976,3862.7,4254.9
610,51.366122,0.100181,51.373289,0.089119,3727.821395791486,3841,4049.9
611,51.359444,0.085241,51.373289,0.089119,3733.6974120383315,3836.9,4124.6
612,51.391005,0.084979,51.373289,0.089119,3734.7869211697575,3890.7,4291.7
613,51.306689,0.036265,51.373289,0.089119,3738.503077867182,3843.6,5148.5
614,51.377192,0.083283,51.373289,0.089119,3742.993181901178,3814.7,4021.5
615,51.359444,0.085241,51.373289,0.089119,3746.9461679411074,3836.9,4124.6
616,51.401677,0.108956,51.373289,0.089119,3763.6382998316026,3955.9,4524.9
617,51.372641,0.097814,51.373289,0.089119,3769.4380266202243,3790.2,3912.3
618,51.394739,0.075845,51.373289,0.089119,3778.2969369947054,4006.9,4512.8
619,51.377208,0.078399,51.373289,0.089119,3801.03452064676,3826.6,4065.3
620,51.363602,0.096649,51.373289,0.089119,3817.7498372482933,3922.3,4175.2
621,51.384597,0.103294,51.416012,0.117947,3818.6768929945933,4034.4,4555.5
622,51.383856,0.117846,51.373289,0.089119,3829.627200892052,4047.3,4516.9
623,51.396677,0.113421,51.375202,0.099462,3839.9324873563633,4075.2,4386.7
624,51.401571,0.108879,51.373289,0.089119,3857.021683622511,3957.7000000000003,4524.9
625,51.377957,0.111321,51.373289,0.089119,3862.221276860781,3874,4215.7
626,51.367544,0.096128,51.365274,0.064172,3866.8907730164315,3891.4,4222.3
627,51.400292,0.10827,51.41914,0.072061,3868.478469005287,4187.7,4591.7
628,51.384008,0.078137,51.373289,0.089119,3875.373937573818,3929.9,4243.3
629,51.395508,0.096271,51.373289,0.089119,3881.0705865583377,4043.3,4639.4
630,51.381121,0.102078,51.407013,0.072698,3890.0640573955498,3963,4443.9
631,51.387122,0.078479,51.373289,0.089119,3901.727429519063,4007.2,4407.3
632,51.408169,0.098927,51.373289,0.089119,3934.4377872088203,4199.4,4889.5
633,51.406061,0.092701,51.426083,0.102051,3937.880428269913,4145.6,4491.5
634,51.360806,0.10564,51.373289,0.089119,3941.0707476760317,4123.7,4420.8
635,51.409601,0.053088,51.373289,0.089119,3948.461508417462,4403.7,5234.5
636,51.377208,0.078399,51.373289,0.089119,3958.853482593821,4033.6,4274.2
637,51.372546,0.087542,51.373289,0.089119,3959.691298256003,3967.8,4065.3
638,51.386181,0.070901,51.373289,0.089119,3960.4576862800745,4143.4,4580.2
639,51.362882,0.108944,51.367496,0.076858,3961.1221493837375,4137.9,4552.4
640,51.394819,0.121873,51.373289,0.089119,3963.9586424083814,4372.2,4929.1
641,51.352513,0.091851,51.373289,0.089119,3965.7307479888364,3990,4323.2
642,51.369828,0.089962,51.373289,0.089119,3970.934350067355,4041,4188.8
643,51.353438,0.095622,51.373289,0.089119,3984.350554779507,4101.9,4470.4
644,51.313766,0.024346,51.373289,0.089119,3993.706567908649,4114.1,5148.5
645,51.392796,0.072216,51.367227,0.104178,3993.971072169478,4078.3,4755
646,51.375793,0.107093,51.373289,0.089119,3997.223214219034,4115.2,4413.8
647,51.360806,0.10564,51.373289,0.089119,3999.4967209397605,4123.7,4420.8
648,51.35808,0.090973,51.373289,0.089119,4013.3587673164557,4020,4299.6
649,51.379202,0.101517,51.373289,0.089119,4013.9951102829546,4143.9,4410.4
650,51.384917,0.082606,51.373289,0.089119,4014.699620087851,4161.1,4507.4
651,51.371216,0.120965,51.373289,0.089119,4036.522936101812,4239.6,4634.1
652,51.38334,0.116198,51.373289,0.089119,4037.9757305055286,4080.1,4516.9
653,51.381592,0.103512,51.373289,0.089119,4042.287342772594,4182,4486.4
654,51.359176,0.085596,51.36659,0.066972,4050.1873540961606,4190.8,4517
655,51.395508,0.096271,51.373289,0.089119,4055.1581447431763,4111.9,4639.4
656,51.384917,0.082606,51.373289,0.089119,4058.107972082549,4161.1,4507.4
657,51.384008,0.078137,51.373289,0.089119,4068.0003143482404,4102.2,4407.3
658,51.353215,0.095823,51.373289,0.089119,4075.912145207933,4097.4,4470.4
659,51.409062,0.062033,51.373289,0.089119,4080.1824409805918,4447.2,5082
660,51.36714,0.120211,51.373289,0.089119,4099.278638435639,4265.3,4626.1
661,51.385857,0.066954,51.373289,0.089119,4100.695366278704,4344.9,4874.1
662,51.35808,0.090973,51.373289,0.089119,4105.349789579372,4265.4,4543.4
663,51.391005,0.084979,51.373289,0.089119,4116.1795014559375,4247,4644.2
664,51.365635,0.098214,51.373289,0.089119,4116.548312421126,4151.3,4335.8
665,51.406061,0.092701,51.426083,0.102051,4127.493351666796,4145.6,4491.5
666,51.366122,0.100181,51.373289,0.089119,4136.876779681363,4140,4349.2
667,51.372641,0.097814,51.373289,0.089119,4138.030265086345,4140,4261.6
668,51.361349,0.064287,51.373289,0.089119,4148.4672022974555,4238.7,4533.8
669,51.360806,0.10564,51.373289,0.089119,4153.423340529019,4222.1,4532
670,51.392836,0.096084,51.373289,0.089119,4154.792018514083,4348.1,4807.8
671,51.353215,0.095823,51.373289,0.089119,4163.088882621945,4387.1,4760.1
672,51.393354,0.125955,51.373289,0.089119,4186.462492428714,4617.6,-1.0
673,51.407665,0.057023,51.373289,0.089119,4188.879059742099,4401.1,5082
674,51.397793,0.09717,51.373289,0.089119,4197.233538471671,4476.2,5090.3
