198,51.384597,0.103294,51.416012,0.117947,600.0076020395175,792.6,1315
199,51.363782,0.107029,51.373289,0.089119,602.8975922134036,674.6,994.2
200,51.387265,0.089019,51.373289,0.089119,618.3050767889557,655.7,990.2
201,51.400292,0.10827,51.41914,0.072061,619.5588217938815,647.7,1051.7
202,51.35808,0.090973,51.373289,0.089119,622.9489283314211,770.2,1064.1
203,51.426655,0.09816,51.418592,0.103199,625.2365677852766,891.4,1064.8
204,51.393354,0.125955,51.373289,0.089119,631.7067703029264,830.2,1483.1
205,51.393375,0.071298,51.373289,0.089119,633.0034095388587,831.1,1303
206,51.332266,0.024189,51.373289,0.089119,635.9624856002018,692.9,1577.5
207,51.397793,0.09717,51.373289,0.089119,636.0084433572138,670.1,1204.8
208,51.378707,0.099396,51.373289,0.089119,636.2297193454621,760.7,958.3
209,51.360806,0.10564,51.373289,0.089119,636.2444348471221,712.1,1006.9
210,51.391005,0.084979,51.373289,0.089119,639.2891114180226,715.2,1117.1
211,51.389245,0.069895,51.373289,0.089119,641.4257297634608,663.6,1063.4
212,51.359077,0.110302,51.373289,0.089119,642.7803241881741,815.8,1275.9
213,51.306689,0.036265,51.373289,0.089119,644.0498323794417,958.1,2372.6
214,51.378707,0.099396,51.373289,0.089119,651.3038179215504,760.7,958.3
215,51.401988,0.103609,51.381191,0.104231,652.886810852415,747.9,1119.7
216,51.374589,0.107636,51.373289,0.089119,654.0832920471948,677.3,916.2
217,51.38571,0.060957,51.381513,0.079601,655.2408606062779,700,923.3
218,51.387191,0.114103,51.366065,0.055464,655.3110652157408,750.6,1412.8
219,51.392942,0.09599,51.362432,0.095065,657.0769609480986,872.2,1403.1
220,51.383163,0.081111,51.373289,0.089119,658.4491952805549,736.8,1068.1
221,51.384597,0.103294,51.416012,0.117947,659.6330846750807,792.6,1315
222,51.392027,0.111732,51.373289,0.089119,664.7788189728338,772.3,1166.4
223,51.352513,0.091851,51.373289,0.089119,665.7298859520741,834.6,1168.4
224,51.394784,0.123207,51.373289,0.089119,674.4251369642693,718.6,1297.1
225,51.417305,0.115911,51.373289,0.089119,677.266132422232,974.2,1637.9
226,51.387191,0.114103,51.366065,0.055464,677.3454094918285,750.6,1412.8
227,51.359444,0.085241,51.373289,0.089119,680.8931230680207,795.2,1101.2
228,51.389245,0.069895,51.373289,0.089119,684.662024004922,690.4,1122.6
229,51.383175,0.080856,51.373289,0.089119,687.6403555354743,738.3,1068.1
230,51.38334,0.116198,51.373289,0.089119,703.862553000447,836,1320
231,51.312317,0.035579,51.373289,0.089119,710.6687599394414,796.5,1982.5
232,51.371741,0.042793,51.373289,0.089119,711.8914467572337,858.3,1316.3
233,51.332266,0.024189,51.373289,0.089119,716.0476136323906,748.1,1577.5
234,51.386437,0.065909,51.373289,0.089119,720.0189211760422,808.8,1254.2
235,51.38495,0.062738,51.373289,0.089119,721.3714083564581,814.3,1312.6
236,51.395533,0.12514,51.386682,0.0346,723.6075851492363,898.5,2013.1
237,51.369122,0.063625,51.373289,0.089119,723.7999683797221,848.9,1174.1
238,51.361479,0.107549,51.373289,0.089119,743.6013012889815,886.8,1239.1
239,51.362608,0.097022,51.373289,0.089119,745.7450873859268,837.4,1092.3
240,51.353215,0.095823,51.373289,0.089119,746.1185560330325,776.2,1168.4
241,51.38334,0.116198,51.373289,0.089119,750.4510938505433,836,1320
242,51.397737,0.051201,51.373289,0.089119,751.0811170972257,1103.6,1756.7
243,51.363602,0.096649,51.373289,0.089119,754.395437588901,873.2,1258.9
244,51.38593,0.101273,51.373289,0.089119,756.7337305034558,1027.7,1547.4
245,51.376235,0.122352,51.373289,0.089119,757.62656004413,1038.7,1461.8
246,51.314016,0.026048,51.369433,0.035627,758.7319365366354,1362.5,2143.2
247,51.36714,0.120211,51.373289,0.089119,762.6174456012288,995.3,1356.1
248,51.358061,0.09107,51.373289,0.089119,764.6319832826459,786.3,1064.1
249,51.365635,0.098214,51.373289,0.089119,765.7311377641835,808.7,994.2
250,51.37258,0.082055,51.376987,0.097059,767.3690227205436,793.3,985.9
251,51.363475,0.098595,51.373289,0.089119,772.3993257670369,801.5,1006.9
252,51.36352,0.098566,51.373289,0.089119,779.0838372205129,802.3,1006.9
253,51.401677,0.108956,51.373289,0.089119,779.8615152049808,833.9,1400.7
254,51.36352,0.098566,51.373289,0.089119,781.7445387590639,815.7,1019.6
255,51.363707,0.06882,51.373289,0.089119,788.8956898295418,813.9,1226.4
256,51.360806,0.10564,51.373289,0.089119,791.0069665860942,917.2,1239.1
257,51.361349,0.064287,51.373289,0.089119,802.1497649876951,906,1201.2
258,51.359199,0.085731,51.373289,0.089119,803.1802606282395,816.7,1101.2
259,51.366122,0.100181,51.373289,0.089119,808.9279984620797,908.5,1155.8
260,51.371552,0.121628,51.376815,0.099875,813.286170640465,1082.6,1478.7
261,51.391431,0.048291,51.373289,0.089119,823.781324864511,1080.2,1653.2
262,51.38593,0.101273,51.373289,0.089119,829.8252459451807,1027.7,1547.4
263,51.393354,0.125955,51.373289,0.089119,830.7742421779842,847.3,1483.1
264,51.391474,0.048143,51.373289,0.089119,839.3870884806139,1081.5,1653.2
265,51.417305,0.115911,51.373289,0.089119,843.337400543025,974.2,1637.9
266,51.312317,0.035579,51.373289,0.089119,847.9616410203708,926.8,1982.5
267,51.374262,0.105042,51.373289,0.089119,848.2196266884753,999.7,1235
268,51.383163,0.081111,51.373289,0.089119,848.3235131637572,916.3,1255.2
269,51.417305,0.115911,51.373289,0.089119,853.8504453459844,974.2,1637.9
270,51.371822,0.056715,51.373289,0.089119,856.3117697029105,949.8,1403.4
271,51.367544,0.096128,51.365274,0.064172,857.728168312018,921.2,1252.2
272,51.411259,0.054505,51.373289,0.089119,860.8278019143623,1142.5,1838.1
273,51.419111,0.075381,51.373289,0.089119,860.9596738819135,1166.9,1864.8
274,51.393442,0.034359,51.373289,0.089119,864.6932484555509,1303.1,2209.1
275,51.359077,0.110302,51.373289,0.089119,865.7290530914398,918.1,1275.9
276,51.386313,0.045252,51.373289,0.089119,865.9170575756691,1227.9,2093.7
277,51.384008,0.078137,51.373289,0.089119,874.3688135883808,927.9,1235
278,51.359077,0.110302,51.373289,0.089119,877.5185768676492,918.1,1275.9
279,51.397737,0.051201,51.373289,0.089119,877.537072590251,1103.6,1756.7
280,51.383258,0.08116,51.373289,0.089119,878.7451435672021,920.8,1255.2
281,51.391431,0.048291,51.373289,0.089119,880.2349210545278,1080.2,1653.2
282,51.361702,0.097327,51.373289,0.089119,882.7740058478562,960.9,1258.9
283,51.354854,0.101794,51.373289,0.089119,893.992160681291,964.5,1373
284,51.359199,0.085731,51.373289,0.089119,895.7501710955506,1082.5,1390.3
285,51.387122,0.078479,51.373289,0.089119,899.8063054443785,953.2,1313.5
286,51.377957,0.111321,51.373289,0.089119,906.6867232772958,989.6,1298.5
287,51.366122,0.100181,51.373289,0.089119,909.6109827937853,952.7,1155.8
288,51.384008,0.078137,51.373289,0.089119,929.6148287021314,931.7,1244.1
289,51.383856,0.117846,51.373289,0.089119,933.8117824568369,1207.4,1635.1
290,51.405966,0.064753,51.373289,0.089119,933.8826199669455,1167,1988.8
291,51.411862,0.105866,51.362488,0.095046,936.4305543285616,1214.6,2153.5
292,51.387592,0.114488,51.373289,0.089119,937.3512364545993,1061.5,1483.1
293,51.30615,0.042296,51.373289,0.089119,940.1577250472249,1125.7,2668.7
294,51.423588,0.109037,51.373289,0.089119,940.9136324423108,1067.1,1900.2
295,51.362667,0.083672,51.373289,0.089119,943.0400055791337,1029.4,1314.4
296,51.384597,0.103294,51.416012,0.117947,945.8245939631271,1157.1,1678.5
297,51.401677,0.108956,51.373289,0.089119,948.7475061478511,1078.1000000000001,1730.3
298,51.372465,0.078545,51.375813,0.100675,949.0489260985823,1011.4,1227.4
299,51.405966,0.064753,51.373289,0.089119,949.684258123827,1167,1988.8
300,51.395533,0.12514,51.386682,0.0346,950.1374922571274,1277.5,2183.7
301,51.362608,0.097022,51.373289,0.089119,955.5983903542126,1002.4,1258.9
302,51.356958,0.138095,51.365711,0.059512,962.8999877254378,1196.5,2117.6
303,51.371822,0.056715,51.373289,0.089119,968.7928691354759,1019.1,1403.4
304,51.387265,0.089019,51.373289,0.089119,970.1622384852146,1042.9,1373.7
305,51.372859,0.1031,51.373289,0.089119,970.5058676704164,1000.7,1154.1
306,51.373184,0.065185,51.375196,0.098807,971.5318229678585,1020.6,1293.7
307,51.381592,0.103512,51.373289,0.089119,973.0736315343581,1106.4,1439.1
308,51.387278,0.089104,51.373289,0.089119,973.252324490498,1043.2,1373.7
309,51.391474,0.048143,51.373289,0.089119,974.4005921787916,1081.5,1653.2
310,51.423287,0.062658,51.373289,0.089119,975.4925390956649,1169.8,2164.5
311,51.372859,0.1031,51.373289,0.089119,977.801792496937,1000.7,1154.1
312,51.312317,0.035579,51.373289,0.089119,979.0058541333755,1154.5,2553.2
313,51.36318,0.109239,51.373289,0.089119,979.4565796368365,1024.2,1335
314,51.387278,0.089104,51.373289,0.089119,980.6278076897814,1043.2,1373.7
315,51.36714,0.120211,51.373289,0.089119,982.0745363924932,995.3,1356.1
316,51.362882,0.108944,51.367496,0.076858,982.2417644567344,1088.3,1501.9
317,51.308226,0.037141,51.373289,0.089119,983.3474159291087,1245.4,2372.6
318,51.360921,0.075825,51.386599,0.034845,984.2265944545146,1190.4,1702.9
319,51.376235,0.122352,51.373289,0.089119,988.862245136527,1038.7,1461.8
320,51.384597,0.103294,51.416012,0.117947,991.3396320050621,1157.1,1678.5
321,51.387278,0.089104,51.373289,0.089119,991.7365619005828,1043.2,1373.7
322,51.379202,0.101517,51.373289,0.089119,995.8284888734377,1053.6,1320
323,51.36379,0.095382,51.373289,0.089119,997.3263550039969,1037.8,1272.6
324,51.384597,0.103294,51.416012,0.117947,999.6215236829423,1157.1,1678.5
325,51.38495,0.062738,51.373289,0.089119,1000.6422936119428,1296.8,1886.1
326,51.36352,0.098566,51.373289,0.089119,1006.1033081222615,1030.8,1239.1
327,51.387592,0.114488,51.373289,0.089119,1010.860197005936,1189.7,1613.3
328,51.36975,0.081367,51.373289,0.089119,1014.1241795284687,1081.5,1261.3
329,51.393375,0.071298,51.373289,0.089119,1014.3201928654996,1229.9,1671.2
330,51.409062,0.062033,51.373289,0.089119,1017.0891058985071,1072.7,1838.1
331,51.377192,0.083283,51.373289,0.089119,1019.4326095118632,1086.8,1303
332,51.393125,0.075682,51.373289,0.089119,1019.637299958564,1215.2,1646.9
333,51.401677,0.108956,51.373289,0.089119,1021.4288690160955,1078.1000000000001,1730.3
334,51.420579,0.061099,51.373289,0.089119,1022.1396174760317,1228.7,2164.5
335,51.369122,0.063625,51.373289,0.089119,1029.5095859995008,1050,1376.4
336,51.308226,0.037141,51.373289,0.089119,1030.534481267173,1245.4,2372.6
337,51.392692,0.076061,51.373289,0.089119,1042.5015400778855,1218.1000000000001,1646.9
338,51.363602,0.096649,51.373289,0.089119,1046.8982639212848,1071.2,1324.3
339,51.38593,0.101273,51.373289,0.089119,1047.419803365357,1072.2,1547.4
340,51.332266,0.024189,51.373289,0.089119,1047.4429222942033,1346,2718.6
341,51.418051,0.077129,51.373289,0.089119,1048.9874374702047,1139.1,1864.8
342,51.387122,0.078479,51.373289,0.089119,1051.993806128842,1187.2,1671.2
343,51.381592,0.103512,51.373289,0.089119,1055.8799045974167,1106.4,1439.1
344,51.332266,0.024189,51.373289,0.089119,1062.514906973307,1346,2718.6
345,51.387278,0.089104,51.373289,0.089119,1064.5189340091038,1113.3,1446.1
346,51.313766,0.024346,51.373289,0.089119,1064.8442474941237,1417.4,2668.7
347,51.369569,0.093063,51.373289,0.089119,1068.5949672489244,1106.6,1219.8
348,51.383163,0.081111,51.373289,0.089119,1080.243638514871,1178.9,1512.9
349,51.435428,0.115935,51.373289,0.089119,1083.0621067686063,1550.2,2659.6
350,51.38334,0.116198,51.373289,0.089119,1084.6799849977804,1166.9,1635.1
351,51.38678,0.079373,51.373289,0.089119,1086.6597360865755,1185.5,1574.4
352,51.359077,0.110302,51.373289,0.089119,1089.8206568427308,1188,1545.9
353,51.396677,0.113421,51.375202,0.099462,1090.9903447883626,1221.8,1540.1
354,51.387265,0.089019,51.373289,0.089119,1094.989505991486,1113.6,1446.1
355,51.393354,0.125955,51.373289,0.089119,1100.0436447961254,1521,2167.3
356,51.38334,0.116198,51.373289,0.089119,1103.036928917801,1166.9,1635.1
357,51.373184,0.065185,51.375196,0.098807,1106.077696615944,1198.1,1469.9
358,51.419125,0.07225,51.400319,0.108353,1112.3702868720522,1516.6,1983.9
359,51.38593,0.101273,51.373289,0.089119,1121.4323633315523,1423.3,1898.2
360,51.384597,0.103294,51.416012,0.117947,1123.0999152475551,1157.1,1678.5
361,51.365635,0.098214,51.373289,0.089119,1124.2359339106165,1188,1375.8
362,51.369828,0.089962,51.373289,0.089119,1124.3216676901588,1166.1,1314.4
363,51.429857,0.084437,51.373289,0.089119,1124.8493356109784,1603.7,2554.3
364,51.305445,0.020836,51.373289,0.089119,1127.0038138767475,-1.0,-1.0
365,51.392918,0.032157,51.373289,0.089119,1129.0726843837667,1284.5,2209.1
366,51.371216,0.120965,51.373289,0.089119,1130.7138077113514,1360.0,1887.6
367,51.393921,0.105288,51.373289,0.089119,1131.044747134819,1464.8,1962
368,51.360806,0.10564,51.373289,0.089119,1149.147442684403,1263.2,1558.9
369,51.362212,0.091756,51.373289,0.089119,1150.4265900871699,1184.1,1390.3
370,51.360806,0.10564,51.373289,0.089119,1150.5297781655274,1263.2,1558.9
371,51.421226,0.067638,51.373289,0.089119,1154.4427058924584,1347.2,2164.5
372,51.363475,0.098595,51.373289,0.089119,1155.9465404258297,1198.3,1403.2
373,51.38334,0.116198,51.373289,0.089119,1157.592336186062,1171.4,1635.1
374,51.392027,0.111732,51.373289,0.089119,1158.3260994715645,1290.4,1730.3
375,51.389245,0.069895,51.373289,0.089119,1162.2598728704584,1254.2,1646.1
376,51.312317,0.035579,51.373289,0.089119,1165.1584546487056,1499.1,2553.2
377,51.395508,0.096271,51.373289,0.089119,1172.7559998101206,1452,2064.2
378,51.391005,0.084979,51.373289,0.089119,1186.228186924309,1273.7,1671.2
379,51.313766,0.024346,51.373289,0.089119,1197.6100375024398,1417.4,2668.7
380,51.332266,0.024189,51.373289,0.089119,1197.6523567092856,1346,2718.6
381,51.362651,0.083601,51.373289,0.089119,1202.100276660506,1313.7,1576.3
382,51.353215,0.095823,51.373289,0.089119,1206.1648134414584,1311.8,1689.3
383,51.392836,0.096084,51.373289,0.089119,1207.6115219688793,1500.3,1999.8
384,51.423164,0.061406,51.407703,0.073603,1209.32343206372,1276.1,1514.9
385,51.426256,0.109774,51.373289,0.089119,1209.77860895842,1320.1,2659.6
386,51.363579,0.098549,51.373289,0.089119,1211.7390222988095,1259.4,1465.3
387,51.387278,0.089104,51.373289,0.089119,1212.9825576410485,1347.2,1681.6
388,51.315575,0.034027,51.373289,0.089119,1216.1406178801337,1675.8,2718.6
389,51.36318,0.109239,51.373289,0.089119,1216.46533998554,1354.5,1665.7
390,51.397793,0.09717,51.373289,0.089119,1222.4623981385055,1580.9,2137.2
391,51.36975,0.081367,51.373289,0.089119,1225.6298937784836,1300.3,1484.4
392,51.36714,0.120211,51.373289,0.089119,1228.7957592145576,1445.3,1806.1
393,51.36352,0.098566,51.373289,0.089119,1231.240473542478,1261.2,1465.3
394,51.356958,0.138095,51.365711,0.059512,1234.583345859926,1328.4,2117.6
395,51.395533,0.12514,51.386682,0.0346,1235.7412887334924,1277.6,2183.7
396,51.371552,0.121628,51.376815,0.099875,1239.857010184356,1352.6,1703.2
397,51.353438,0.095622,51.373289,0.089119,1242.8481356047573,1316.3,1689.3
398,51.359199,0.085731,51.373289,0.089119,1247.418445474474,1288.6,1572.4
399,51.377739,0.116504,51.373289,0.089119,1248.8871848712872,1492.3,1870
400,51.363602,0.096649,51.373289,0.089119,1255.3149257946045,1357.8,1612.6
401,51.383163,0.081111,51.373289,0.089119,1257.2430040407633,1319.9,1772.8
402,51.37245,0.084292,51.378905,0.100827,1257.4379503357516,1260.8,1469.6
403,51.393354,0.125955,51.373289,0.089119,1259.084533751551,1521,2167.3
404,51.386154,0.060555,51.373289,0.089119,1262.8726706826626,1387.5,1886.1
405,51.387417,0.03888,51.373289,0.089119,1270.3407168567437,1462.3,2209.1
406,51.363707,0.06882,51.373289,0.089119,1270.3943224482668,1415,1826.7
407,51.403993,0.110542,51.373289,0.089119,1271.5736714084617,1346,1900.2
408,51.305112,0.020112,51.392665,0.034982,1274.6682888283406,-1.0,-1.0
409,51.392592,0.0835,51.373289,0.089119,1278.3131455190544,1449.7,1899.1
410,51.394739,0.075845,51.373289,0.089119,1278.419185957958,1485.2,2099.9
411,51.374059,0.0399,51.373289,0.089119,1280.5672919769424,1465.8,1983.2
412,51.375793,0.107093,51.373289,0.089119,1280.8668363554277,1341.2,1665
413,51.409062,0.062033,51.373289,0.089119,1281.5717775339353,1351.6,1988.8
414,51.396666,0.103044,51.374848,0.115339,1283.734666436235,1651.3,2004.9
415,51.386154,0.060555,51.373289,0.089119,1284.6322790605025,1387.5,1886.1
416,51.384597,0.103294,51.416012,0.117947,1284.9044085546025,1504.6,2029.2
417,51.392592,0.0835,51.373289,0.089119,1288.1972228739594,1449.7,1899.1
418,51.384597,0.103294,51.416012,0.117947,1289.4113044839555,1504.6,2029.2
419,51.362608,0.097022,51.373289,0.089119,1289.8854088799503,1329.6,1612.6
420,51.389065,0.076755,51.407709,0.073591,1294.0294618762366,1495.4,1819.4
421,51.354854,0.101794,51.373289,0.089119,1295.001223304431,1541.3,2001.4
422,51.365635,0.098214,51.373289,0.089119,1295.56773765387,1328.8,1514
423,51.408169,0.098927,51.373289,0.089119,1298.0228949729708,1391.9,1962.7
424,51.354747,0.101483,51.377317,0.100887,1302.238082064102,1554.6,2062.3
425,51.419125,0.07225,51.400319,0.108353,1311.878205757405,1516.6,1983.9
426,51.371741,0.042793,51.373289,0.089119,1312.6699449024559,1436.5,1893.2
427,51.36318,0.109239,51.373289,0.089119,1319.2314159389223,1354.6,1665.7
428,51.422627,0.107933,51.373289,0.089119,1320.379966640417,1444,2554.3
429,51.377192,0.083283,51.373289,0.089119,1322.997298006003,1432.8,1651.6
430,51.356958,0.138095,51.365711,0.059512,1326.2717467804468,1372,2117.6
431,51.392796,0.072216,51.367227,0.104178,1332.1101880382694,1623.3,2173.4
432,51.36318,0.109239,51.373289,0.089119,1337.326609521868,1354.6999999999998,1665.7
433,51.312788,0.031036,51.373289,0.089119,1339.3886927382252,1935.8,3448.3
434,51.391005,0.084979,51.373289,0.089119,1339.7792035633752,1555.7,2120.8
435,51.376122,0.017745,51.373289,0.089119,1340.6325830998155,1625.9,2323.8
436,51.340601,0.110805,51.373289,0.089119,1349.691257199121,1654.3,2293
437,51.383175,0.080856,51.373289,0.089119,1350.4219317927052,1436,1772.8
438,51.374059,0.0399,51.373289,0.089119,1369.52963826998,1465.8,1983.2
439,51.361349,0.064287,51.373289,0.089119,1373.4110172669104,1480.8,1776
440,51.383258,0.08116,51.373289,0.089119,1375.0797592228455,1439,1772.8
441,51.401226,0.116967,51.373289,0.089119,1382.6425739674276,1755.6,2363.6
442,51.366122,0.100181,51.373289,0.089119,1385.1069474324847,1483.7,1690.3
443,51.387122,0.078479,51.373289,0.089119,1393.1635798888706,1547.2,1959.3
444,51.395508,0.096271,51.373289,0.089119,1393.5236715446551,1452,2064.2
445,51.369569,0.093063,51.373289,0.089119,1400.8166196979607,1449.9,1562.3
446,51.36714,0.120211,51.373289,0.089119,1401.1242705287482,1445.3,1806.1
447,51.38495,0.062738,51.373289,0.089119,1401.4734106491157,1595.7,2093.7
448,51.384597,0.103294,51.416012,0.117947,1404.5171992552919,1504.6,2029.2
449,51.377192,0.083283,51.373289,0.089119,1406.85494799901,1432.8,1651.6
450,51.368284,0.082987,51.373289,0.089119,1409.6289902233507,1458.7,1666.8
451,51.407665,0.057023,51.373289,0.089119,1413.769609469921,1889.2,2559.1
452,51.379202,0.101517,51.373289,0.089119,1416.0320307763152,1494.8,1766.3
453,51.387592,0.114488,51.373289,0.089119,1418.0530606501236,1609.7,2033.3
454,51.386154,0.060555,51.373289,0.089119,1419.4116445794643,1511.1,2093.7
455,51.311086,0.034008,51.373289,0.089119,1419.75299021167,1910.5,3448.3
456,51.400292,0.10827,51.41914,0.072061,1420.9433541105075,1757.8,2161.8
457,51.387265,0.089019,51.373289,0.089119,1426.6579191244339,1526.9,1860.9
458,51.38495,0.062738,51.373289,0.089119,1426.8995223040827,1595.7,2093.7
459,51.377192,0.083283,51.373289,0.089119,1427.4187799799977,1444.8,1651.6
460,51.306689,0.036265,51.373289,0.089119,1430.0166313277298,2043.7,3448.3
461,51.397793,0.09717,51.373289,0.089119,1440.2534816398327,1580.9,2137.2
462,51.368284,0.082987,51.373289,0.089119,1442.4710564704696,1484.3,1666.8
463,51.306543,0.046027,51.373289,0.089119,1445.3775931880607,2078.5,3394.1
464,51.409062,0.062033,51.373289,0.089119,1450.4831339332582,1881,2703.7
465,51.387592,0.114488,51.373289,0.089119,1452.2364006957002,1609.7,2033.3
466,51.375015,0.014733,51.373289,0.089119,1455.1200161278102,1666.3,2323.8
467,51.400049,0.059786,51.373289,0.089119,1463.6688183131812,1852.1,2510.6
468,51.375793,0.107093,51.373289,0.089119,1467.5709017063512,1519.3,1812.8
469,51.382804,0.058775,51.373289,0.089119,1470.5575169624017,1855.4,2489.5
470,51.397221,0.046395,51.373289,0.089119,1471.9318381023472,2001.5,2655.3
471,51.383163,0.081111,51.373289,0.089119,1473.986067917657,1606.2,1936
472,51.377957,0.111321,51.373289,0.089119,1476.386527325126,1534,1875.7
473,51.30615,0.042296,51.373289,0.089119,1487.3541495310753,-1.0,-1.0
474,51.363608,0.098554,51.373289,0.089119,1489.06533815576,1589,1792
475,51.372859,0.1031,51.373289,0.089119,1490.7389623183994,1510.7,1664.1
476,51.374059,0.0399,51.373289,0.089119,1493.2579286658333,1607.3,2213.2
477,51.384917,0.082606,51.373289,0.089119,1496.369135507817,1618.8,1959.3
478,51.395508,0.096271,51.373289,0.089119,1497.9570887888067,1541.9,2064.2
479,51.406868,0.076718,51.373289,0.089119,1501.7306126836206,1587.2,2164.5
480,51.369122,0.063625,51.373289,0.089119,1509.9130166159073,1577.2,1905.9
481,51.383856,0.117846,51.373289,0.089119,1520.1223592422352,1646.5,2203.8
482,51.384008,0.078137,51.373289,0.089119,1520.5997277431734,1581.2,1886.1
483,51.36714,0.120211,51.373289,0.089119,1521.2241511122631,1655.3,2016.1
484,51.393375,0.071298,51.373289,0.089119,1521.8508012165312,1657.9,2099.9
485,51.386154,0.060555,51.373289,0.089119,1522.5987467878715,1847,2354.1
486,51.369122,0.063625,51.373289,0.089119,1524.3986846271798,1577.2,1905.9
487,51.394739,0.075845,51.373289,0.089119,1524.7648986962365,1571.5,2099.9
488,51.353215,0.095823,51.373289,0.089119,1525.475552295493,1608.9,1981.5
489,51.371822,0.056715,51.373289,0.089119,1528.181594700842,1617.7,2002.8
490,51.389729,0.092299,51.373289,0.089119,1536.9806062342864,1597.6,1999.8
491,51.392592,0.0835,51.373289,0.089119,1543.9677433767715,1675.3,2120.8
492,51.391474,0.048143,51.373289,0.089119,1549.3642600715268,1634.3,2209.1
493,51.363782,0.107029,51.373289,0.089119,1553.7826807539818,1569.6,1862.3
494,51.366122,0.100181,51.373289,0.089119,1555.8673409359992,1654,1862.3
495,51.371216,0.120965,51.373289,0.089119,1563.6618850648554,1779.6,2174.1
496,51.304181,0.039261,51.373289,0.089119,1566.3201073026496,-1.0,-1.0
497,51.377192,0.083283,51.373289,0.089119,1567.724638711903,1620,1828.6
498,51.393125,0.075682,51.373289,0.089119,1577.3593852807064,1775.9,2209.4
499,51.353215,0.095823,51.373289,0.089119,1582.2113191453968,1608.9,1981.5
500,51.359077,0.110302,51.373289,0.089119,1583.6830290832622,1701.8,2059.1
501,51.306689,0.036265,51.373289,0.089119,1585.2094927319624,-1.0,-1.0
502,51.389729,0.092299,51.373289,0.089119,1587.071991321488,1597.6,1999.8
503,51.383856,0.117846,51.373289,0.089119,1590.2615322552592,1646.5,2203.8
504,51.305445,0.020836,51.373289,0.089119,1590.5390075906405,-1.0,-1.0
505,51.394739,0.075845,51.373289,0.089119,1596.8602614314514,1814.6,2384.7
506,51.392592,0.0835,51.373289,0.089119,1597.6273285683233,1675.3,2120.8
507,51.372641,0.097814,51.373289,0.089119,1598.442916229331,1630.2,1752.3
508,51.396677,0.113421,51.375202,0.099462,1601.080682650749,1772.7,2083.1
509,51.365635,0.098214,51.373289,0.089119,1601.1193325615673,1631.3,1815.8
510,51.372613,0.016006,51.373289,0.089119,1609.7956072112472,1710.1,2323.8
511,51.377957,0.111321,51.373289,0.089119,1610.8368480610884,1714,2061.1
512,51.423135,0.061397,51.406253,0.071931,1611.6804214372914,2006.3,2212
513,51.36714,0.120211,51.373289,0.089119,1613.05350041957,1655.3,2016.1
514,51.37258,0.082055,51.376987,0.097059,1618.384850772309,1663.2,1855.8
515,51.386181,0.070901,51.373289,0.089119,1620.2061899249745,1752.2,2151.5
516,51.36283,0.069857,51.373915,0.09662,1622.878694352324,1735.1,2039.1
517,51.392592,0.0835,51.373289,0.089119,1627.0712949597278,1675.3,2120.8
518,51.392027,0.111732,51.373289,0.089119,1630.3539423216644,1768.6,2167.3
519,51.392991,0.054097,51.373289,0.089119,1631.9300698397092,1733.5,2510.6
520,51.387417,0.03888,51.373289,0.089119,1637.6959064014186,1828.5,2655.3
521,51.406061,0.092701,51.426083,0.102051,1639.4799046184435,1938.1,2552.7
522,51.374059,0.0399,51.373289,0.089119,1643.636798644734,1688,2213.2
523,51.39086,0.103895,51.407694,0.073487,1646.4462749561012,1879,2294.6
524,51.395508,0.096271,51.373289,0.089119,1648.7196435892815,1984.7,2510.2
525,51.363475,0.098595,51.373289,0.089119,1652.8287614753813,1708.3,1913.2
526,51.358061,0.09107,51.373289,0.089119,1658.392055212501,1762.7,2053
527,51.389666,0.120895,51.362571,0.095189,1659.1813024535222,1999.7,2570.8
528,51.383856,0.117846,51.373289,0.089119,1660.520667725931,1714.1,2203.8
529,51.394784,0.123207,51.373289,0.089119,1661.6022412385623,2065.4,2721.9
530,51.387122,0.078479,51.373289,0.089119,1665.18379292822,1727,2087.5
531,51.383683,0.055719,51.373289,0.089119,1666.0410980256452,1893.1,2489.5
532,51.372859,0.1031,51.373289,0.089119,1668.332614977709,1686.1,1875.7
533,51.369122,0.063625,51.373289,0.089119,1673.7631884937368,1724.6,2084.6
534,51.371462,0.068718,51.373289,0.089119,1674.9070064612924,1831.9,2103.2
535,51.402296,0.109148,51.373289,0.089119,1675.3956983976113,2015.9,2631.1
536,51.360806,0.10564,51.373289,0.089119,1676.1267249048037,1812.4,2110
537,51.36318,0.109239,51.373289,0.089119,1676.4663921286651,1734.6,2110
538,51.365635,0.098214,51.373289,0.089119,1677.675089525273,1711.6,1899.3
539,51.378707,0.099396,51.373289,0.089119,1683.5721016486239,1809.8,2007.8
540,51.391474,0.048143,51.373289,0.089119,1685.0972997082422,2001.2,2572.7
541,51.392991,0.054097,51.373289,0.089119,1691.1351630599934,1733.5,2510.6
542,51.332266,0.024189,51.373289,0.089119,1692.2372798372567,2169,2996
543,51.363441,0.110437,51.373289,0.089119,1696.4700729655674,1841.8,2121.2
544,51.387122,0.078479,51.373289,0.089119,1698.187225497315,1727,2087.5
545,51.363602,0.096649,51.373289,0.089119,1699.180354266044,1803.2,2059.2
546,51.408582,0.058203,51.373289,0.089119,1701.8918152775275,1863.4,2559.1
547,51.386154,0.060555,51.373289,0.089119,1702.4928392768973,1847,2354.1
548,51.434171,0.003511,51.373289,0.089119,1706.3642109165569,-1.0,-1.0
549,51.363441,0.110437,51.373289,0.089119,1707.1922586377511,1841.8,2121.2
550,51.306689,0.036265,51.373289,0.089119,1713.0985821944657,-1.0,-1.0
551,51.392836,0.096084,51.373289,0.089119,1713.3364042300473,1987.6,2441.7
552,51.425058,0.106869,51.373289,0.089119,1720.6798645186295,1819.1,2659.6
553,51.363707,0.06882,51.373289,0.089119,1722.4787728753763,1934.7,2343.2
554,51.401571,0.108879,51.373289,0.089119,1723.0875675619395,2004.0,2631.1
555,51.359444,0.085241,51.373289,0.089119,1727.9060187544765,1876,2161.8
556,51.362651,0.083601,51.373289,0.089119,1729.9703883056013,1795.4,2056.6
557,51.385857,0.066954,51.373289,0.089119,1732.5482711687189,1824.9,2264.7
558,51.39086,0.103895,51.407694,0.073487,1734.924743037509,1879,2294.6
559,51.369122,0.063625,51.373289,0.089119,1737.5027089407893,1754.8,2084.6
560,51.315575,0.034027,51.373289,0.089119,1738.171353462442,2357.2,3407.8
561,51.384597,0.103294,51.416012,0.117947,1741.3171475650222,1855,2385.4
562,51.373184,0.065185,51.375196,0.098807,1744.355143697562,1848.9,2122
563,51.387265,0.089019,51.373289,0.089119,1746.2959148351024,1805.5,2137.2
564,51.362212,0.091756,51.373289,0.089119,1747.5953853687154,1796.3,2001.4
565,51.426256,0.109774,51.373289,0.089119,1748.1416465801178,1884,2659.6
566,51.312317,0.035579,51.373289,0.089119,1750.5403971049107,-1.0,-1.0
567,51.407665,0.057023,51.373289,0.089119,1756.6015954631807,1889.2,2559.1
568,51.381592,0.103512,51.373289,0.089119,1758.1405671546302,1932.2,2236.6
569,51.411778,0.10569,51.406905,0.105448,1762.9834947960555,2274.5,2452
570,51.387191,0.114103,51.366065,0.055464,1767.5533211328757,1801.6,2575.5
571,51.35808,0.090973,51.373289,0.089119,1769.1168502824796,1774.6,2053
572,51.421269,0.067668,51.373289,0.089119,1769.676298797473,2050.7,2703.7
573,51.354747,0.101483,51.377317,0.100887,1770.3467521963103,1975.4,2555.8
574,51.366691,0.082858,51.373289,0.089119,1770.8833347885286,1808.5,1966.4
575,51.374589,0.107636,51.373289,0.089119,1779.758346839254,1824,2061.1
576,51.375015,0.014733,51.373289,0.089119,1791.3997788122572,1852.8,2565
577,51.389729,0.092299,51.373289,0.089119,1794.5878448625836,1991.2,2392.5
578,51.38593,0.101273,51.373289,0.089119,1795.8385167527194,2113.3,2588.2
579,51.408169,0.098927,51.373289,0.089119,1799.389654113006,1980.5,2554.3
580,51.393354,0.125955,51.373289,0.089119,1808.191115309401,2241.5,2843.9
581,51.312788,0.031036,51.373289,0.089119,1809.641776003606,-1.0,-1.0
582,51.340601,0.110805,51.373289,0.089119,1812.3180402659711,2173.3,2689.4
583,51.392918,0.032157,51.373289,0.089119,1824.06257271379,2063.5,2782.5
584,51.361349,0.064287,51.373289,0.089119,1832.3967847888857,2038.5,2335.2
585,51.389729,0.092299,51.373289,0.089119,1835.8190025914653,1991.2,2392.5
586,51.372859,0.1031,51.373289,0.089119,1841.0565398879894,1860,2014
587,51.376235,0.122352,51.373289,0.089119,1844.181281354861,2117.5,2721.7
588,51.392027,0.111732,51.373289,0.089119,1845.122530513249,1930.3,2363.6
589,51.363579,0.098549,51.373289,0.089119,1845.9063361225597,1865.2,2068.4
590,51.312317,0.035579,51.373289,0.089119,1854.5581098830708,2382,4037.2
591,51.393442,0.034359,51.373289,0.089119,1863.3402798495542,2082.2,2782.5
592,51.383683,0.055719,51.373289,0.089119,1863.8123070490906,1893.1,2489.5
593,51.393375,0.071298,51.373289,0.089119,1868.3771100798958,1939.1,2384.7
594,51.374059,0.0399,51.373289,0.089119,1868.7787633156884,2032.8,2551
595,51.367592,0.072076,51.373289,0.089119,1876.0117534744932,2019.7,2314.9
596,51.354732,0.101482,51.377414,0.100986,1877.74339251267,1975.5,2555.8
597,51.408169,0.098927,51.373289,0.089119,1878.8967517952756,1980.6,2554.3
598,51.374951,0.014687,51.373289,0.089119,1882.6496892204602,1927.4,2565
599,51.352513,0.091851,51.373289,0.089119,1882.8451508957723,1955.1,2293
600,51.362651,0.083601,51.373289,0.089119,1894.53281491763,2027.6,2283.4
601,51.395508,0.096271,51.373289,0.089119,1894.9340474674775,1984.7,2510.2
602,51.397793,0.09717,51.373289,0.089119,1896.5255252470567,2166.2,2748.2
603,51.384008,0.078137,51.373289,0.089119,1898.5246740670411,1922,2234.1
604,51.397793,0.09717,51.373289,0.089119,1899.0168712781438,2166.2,2748.2
605,51.39086,0.103895,51.407694,0.073487,1901.4111240937445,1960,2294.6
606,51.408169,0.098927,51.373289,0.089119,1901.914697811595,2245.2,2820.2
607,51.375015,0.014733,51.373289,0.089119,1915.0343431966774,1927.2,2565
608,51.379202,0.101517,51.373289,0.089119,1915.227449352728,2035,2306.3
609,51.366122,0.100181,51.373289,0.089119,1915.8020469506873,1993.7,2260
610,51.395508,0.096271,51.373289,0.089119,1919.1545651327647,1984.7,2510.2
611,51.378707,0.099396,51.373289,0.089119,1919.221344418789,2034.7,2231.7
612,51.363608,0.098554,51.373289,0.089119,1932.7962281893183,2009,2212
613,51.359444,0.085241,51.373289,0.089119,1933.4083726265128,2067.3,2354.7
614,51.361702,0.097327,51.373289,0.089119,1934.8382645455072,2043,2340.2
615,51.392027,0.111732,51.373289,0.089119,1937.7668116822947,1969.6,2363.6
616,51.392592,0.0835,51.373289,0.089119,1938.3098120269678,2109.5,2651.8
617,51.308226,0.037141,51.373289,0.089119,1940.1619069836383,2546.7,3872.6
618,51.392991,0.054097,51.373289,0.089119,1942.3997294742921,1974.6,2510.6
619,51.359444,0.085241,51.373289,0.089119,1944.3698577827715,2067.3,2354.7
620,51.403993,0.110542,51.373289,0.089119,1952.6890476898845,2075.4,2631.1
621,51.411862,0.105866,51.362488,0.095046,1964.0212296826485,2275.7,3110
622,51.401988,0.103609,51.381191,0.104231,1964.3504870425236,2355.1,2723
623,51.332266,0.024189,51.373289,0.089119,1964.5189880303342,2169,2996
624,51.362651,0.083601,51.373289,0.089119,1967.8113834748444,2027.6,2283.4
625,51.411259,0.054505,51.373289,0.089119,1976.1421284077223,2380,3233
626,51.361349,0.064287,51.373289,0.089119,1976.5490477686822,2038.5,2335.2
627,51.366122,0.100181,51.373289,0.089119,1983.8608701319017,2026.9,2260
628,51.354747,0.101483,51.377317,0.100887,1988.996920799739,2040.3,2555.8
629,51.403993,0.110542,51.373289,0.089119,1997.5140035804568,2075.4,2631.1
630,51.38334,0.116198,51.373289,0.089119,2007.3573873779258,2260.2,2705.2
631,51.354747,0.101483,51.377317,0.100887,2022.4896521313844,2040.3,2555.8
632,51.366122,0.100181,51.373289,0.089119,2033.7178883219372,2053.3,2260
633,51.395508,0.096271,51.373289,0.089119,2036.557040627184,2272,2795.8
634,51.384597,0.103294,51.416012,0.117947,2041.0392956386877,2273.7,2829.5
635,51.406061,0.092701,51.426083,0.102051,2042.7550731653178,2197.3,2552.7
636,51.362608,0.097022,51.373289,0.089119,2044.3450961281103,2084.5,2340.2
637,51.365635,0.098214,51.373289,0.089119,2048.0285766187603,2108.5,2293.8
638,51.411862,0.105866,51.362488,0.095046,2053.2078315665462,2275.7,3110
639,51.372546,0.087542,51.373289,0.089119,2053.6253904288037,2077.7,2175.3
640,51.383856,0.117846,51.373289,0.089119,2054.0073504778024,2227.5,2705.2
641,51.38495,0.062738,51.373289,0.089119,2059.2875116872065,2134.9,2633.2
642,51.38334,0.116198,51.373289,0.089119,2061.871541993709,2260.2,2705.2
643,51.405966,0.064753,51.373289,0.089119,2062.9106714786267,2406,3256.8
644,51.314016,0.026048,51.369433,0.035627,2064.437412956104,2210.7,2922.9
645,51.304739,0.021725,51.316095,0.044692,2064.7685746544357,2650.2,3094.1
646,51.383856,0.117846,51.373289,0.089119,2066.182254123123,2227.5,2705.2
647,51.356318,0.099467,51.373289,0.089119,2067.0654536422726,2227.9,2683.1
648,51.372859,0.1031,51.373289,0.089119,2069.6588763504224,2087,2239
649,51.359444,0.085241,51.373289,0.089119,2076.3453772458925,2105.7,2392.5
650,51.362608,0.097022,51.373289,0.089119,2077.4784700281025,2128.1,2382.8
651,51.358061,0.09107,51.373289,0.089119,2084.387173905203,2177.8,2459.9
652,51.379202,0.101517,51.373289,0.089119,2084.7043208112473,2183.7,2452.8
653,51.371216,0.120965,51.373289,0.089119,2085.055441380915,2289.6,2684.1
654,51.394784,0.123207,51.373289,0.089119,2095.9319616189596,2141.4,2721.9
655,51.366122,0.100181,51.373289,0.089119,2099.9117284542085,2191,2399.9
656,51.389729,0.092299,51.373289,0.089119,2101.382379035964,2257,2659.7
657,51.363475,0.098595,51.373289,0.089119,2101.5448778126024,2192.4,2397.2
658,51.39042,0.069566,51.373289,0.089119,2106.7334539542435,2179.6,2594.8
659,51.352513,0.091851,51.373289,0.089119,2106.9959839729695,2258.4,2595.1
660,51.395508,0.096271,51.373289,0.089119,2109.473375815564,2272,2795.8
661,51.371216,0.120965,51.373289,0.089119,2110.9435399617873,2289.6,2684.1
662,51.384008,0.078137,51.373289,0.089119,2115.8737834126737,2130,2474.6
663,51.352513,0.091851,51.373289,0.089119,2119.8169599863154,2258.4,2595.1
664,51.391005,0.084979,51.373289,0.089119,2121.9452322600637,2242.1,2643
665,51.362651,0.083601,51.373289,0.089119,2126.0037494807552,2146.3,2402.6
666,51.393442,0.034359,51.373289,0.089119,2130.20628643514,2299.4,3073.2
667,51.377192,0.083283,51.373289,0.089119,2132.1983467057976,2244.5,2456.1
668,51.332266,0.024189,51.373289,0.089119,2132.382158365049,2169,2996
669,51.406061,0.092701,51.426083,0.102051,2137.837055356211,2197.3,2552.7
670,51.361702,0.097327,51.373289,0.089119,2142.5136610854856,2272.3,2574.3
671,51.372641,0.097814,51.373289,0.089119,2143.0885465585984,2170.2,2292.3
672,51.361349,0.064287,51.373289,0.089119,2148.2902106286792,2257.9,2600.8
673,51.372641,0.097814,51.373289,0.089119,2153.345960291684,2170.2,2292.3
674,51.392592,0.0835,51.373289,0.089119,2158.1225959830767,2203.6,2651.8
675,51.408582,0.058203,51.373289,0.089119,2159.9155299591216,2326.2,3233
676,51.362608,0.097022,51.373289,0.089119,2162.3856191858763,2236.1,2574.3
677,51.356318,0.099467,51.373289,0.089119,2165.3952819231317,2227.9,2683.1
678,51.376235,0.122352,51.373289,0.089119,2169.7634881528484,2265.6,2721.7
679,51.363707,0.06882,51.373289,0.089119,2170.9678808892145,2415.2,2823.6
680,51.397793,0.09717,51.373289,0.089119,2175.1316686894907,2213.9,2748.2
681,51.36352,0.098566,51.373289,0.089119,2176.841236223361,2191.6,2397.2
682,51.422627,0.107933,51.373289,0.089119,2177.2700996384883,2530.6,3346.8
683,51.387592,0.114488,51.373289,0.089119,2179.4656018610253,2295.3,2716.5
684,51.312317,0.035579,51.373289,0.089119,2191.3976552161434,2318.5,3394.1
685,51.379926,0.08453,51.373289,0.089119,2193.253830082036,2351.2,2650.1
686,51.384917,0.082606,51.373289,0.089119,2193.31799805843,2332.2,2677.6
687,51.359444,0.085241,51.373289,0.089119,2193.547042793841,2327.9,2636.9
688,51.38334,0.116198,51.373289,0.089119,2197.3370970476158,2310.5,2774.2
689,51.382804,0.058775,51.373289,0.089119,2197.62046890024,2433.5,3316.9
690,51.369828,0.089962,51.373289,0.089119,2200.207838396898,2251.1,2397.1
691,51.311086,0.034008,51.373289,0.089119,2202.5376228663913,2363.3,3394.1
692,51.377208,0.078399,51.373289,0.089119,2208.788840562706,2234.4,2474.6
693,51.362913,0.069291,51.377894,0.101348,2214.9616634160225,2368.3,2741.8
694,51.387122,0.078479,51.373289,0.089119,2221.815556762696,2259.4,2677.6
695,51.356318,0.099467,51.373289,0.089119,2224.139475480209,2299.7,2753.9
696,51.371462,0.068718,51.373289,0.089119,2224.8894110135434,2339,2611.5
697,51.36379,0.095382,51.373289,0.089119,2227.0765110149787,2308.5,2544.5
698,51.387278,0.089104,51.373289,0.089119,2227.3865104145325,2284.6,2616.8
699,51.391431,0.048291,51.373289,0.089119,2227.8496000285145,2399.7,3079.2
700,51.387122,0.078479,51.373289,0.089119,2228.3494917234575,2259.4,2677.6
701,51.38678,0.079373,51.373289,0.089119,2228.47368614064,2362.1,2752
702,51.356318,0.099467,51.373289,0.089119,2229.53354419299,2299.7,2753.9
703,51.359077,0.110302,51.373289,0.089119,2238.9849171736505,2391.5,2748.9
704,51.381121,0.102078,51.407013,0.072698,2240.921585530793,2315.6,2795.5
705,51.377957,0.111321,51.373289,0.089119,2245.117983117469,2279.3,2588.4
706,51.397793,0.09717,51.373289,0.089119,2249.317284022174,2406.2,3006.5
707,51.308226,0.037141,51.373289,0.089119,2256.1560828686133,2546.7,3872.6
708,51.383856,0.117846,51.373289,0.089119,2258.4964216917238,2345.6,2774.2
709,51.359444,0.085241,51.373289,0.089119,2259.2446928841987,2327.9,2636.9
710,51.361349,0.064287,51.373289,0.089119,2262.6293670346854,2302,2600.8
711,51.390716,0.105521,51.396915,0.106306,2262.6529768600653,2390,2658.2
712,51.359077,0.110302,51.373289,0.089119,2264.913286009947,2391.5,2748.9
713,51.376235,0.122352,51.373289,0.089119,2270.0620009674903,2295.9,2721.7
714,51.392592,0.0835,51.373289,0.089119,2273.0658282779386,2477,2947.1
715,51.363608,0.098554,51.373289,0.089119,2280.5868095672417,2315.6,2518.4
716,51.369122,0.063625,51.373289,0.089119,2283.5455723679866,2408.9,2734.1
717,51.374262,0.105042,51.373289,0.089119,2288.085665941348,2440.9,2676.3
718,51.405966,0.064753,51.373289,0.089119,2290.7513766915554,2406,3256.8
719,51.412201,0.046528,51.373289,0.089119,2291.740385694417,2571.8,3451.7
720,51.377957,0.111321,51.373289,0.089119,2294.591322378749,2369.6,2678.5
721,51.415646,0.053651,51.373289,0.089119,2301.7565939246547,2510.8,3233
722,51.312317,0.035579,51.373289,0.089119,2301.928781344919,2318.5,3394.1
723,51.383163,0.081111,51.373289,0.089119,2304.076929343472,2419.9,2748.1
724,51.36318,0.109239,51.373289,0.089119,2304.519853695664,2453.7,2763.5
725,51.363608,0.098554,51.373289,0.089119,2304.5649964151708,2315.6,2518.4
726,51.381592,0.103512,51.373289,0.089119,2304.670225267189,2443.3,2747.2
727,51.358061,0.09107,51.373289,0.089119,2310.1794119639794,2390,2671.2
728,51.36318,0.109239,51.373289,0.089119,2310.961261826311,2453.7999999999997,2763.5
729,51.395508,0.096271,51.373289,0.089119,2323.346390354378,2483.3,3006.5
730,51.359444,0.085241,51.373289,0.089119,2329.464974075227,2349.8,2636.9
731,51.372859,0.1031,51.373289,0.089119,2334.2027321303376,2404.7,2559.3
732,51.332266,0.024189,51.373289,0.089119,2334.3345941934135,2719.5,4130.5
733,51.404697,0.056189,51.373289,0.089119,2334.9119944297827,2552,3256.8
734,51.30615,0.042296,51.373289,0.089119,2355.157915084665,2635,3872.6
735,51.365635,0.098214,51.373289,0.089119,2361.953897785931,2370,2555
736,51.371462,0.068718,51.373289,0.089119,2368.7996279020304,2432.9,2715.5
737,51.405966,0.064753,51.373289,0.089119,2369.6155099921816,2406,3256.8
738,51.353215,0.095823,51.373289,0.089119,2372.507767543458,2557.1,2930.1
739,51.417305,0.115911,51.373289,0.089119,2376.470242648941,2429.2,3346.8
740,51.384008,0.078137,51.373289,0.089119,2378.1846800648927,2446.4,2752
741,51.397793,0.09717,51.373289,0.089119,2378.642345777503,2406.2,3006.5
742,51.353438,0.095622,51.373289,0.089119,2380.2679724526247,2552.6,2930.1
743,51.384917,0.082606,51.373289,0.089119,2387.544762210714,2504.6,2845.8
744,51.393375,0.071298,51.373289,0.089119,2391.038816396991,2566.8,3013.5
745,51.421226,0.067638,51.373289,0.089119,2395.5415835484523,2669.8,3318.4
746,51.36714,0.120211,51.373289,0.089119,2403.555370295861,2585.3,2982.3
747,51.37176,0.056793,51.373289,0.089119,2407.059626398171,2509.9,2963.2
748,51.37795,0.077552,51.376739,0.09954,2409.4059330271757,2450.5,2716.4
749,51.36379,0.095382,51.373289,0.089119,2411.331237796045,2513.8,2752.5
750,51.374059,0.0399,51.373289,0.089119,2412.363643145308,2572.8,3164.4
751,51.353215,0.095823,51.373289,0.089119,2415.0940074736245,2557.1,2930.1
752,51.421269,0.067668,51.373289,0.089119,2418.9115186584945,2670.4,3318.4
753,51.387265,0.089019,51.373289,0.089119,2419.342256643126,2458.1,2794.8
754,51.36714,0.120211,51.373289,0.089119,2421.4068586907574,2585.3,2982.3
755,51.38279,0.058729,51.365276,0.064394,2422.340310656577,2433.2,2988.5
756,51.384008,0.078137,51.373289,0.089119,2423.0218748702105,2446.4,2752
757,51.384917,0.082606,51.373289,0.089119,2425.306349927571,2504.6,2845.8
758,51.386154,0.060555,51.373289,0.089119,2435.43543892085,2577.9,3079.2
759,51.368284,0.082987,51.373289,0.089119,2440.2931330323254,2499.9,2679.7
760,51.362608,0.097022,51.373289,0.089119,2450.834208912206,2577.4,2832.3
761,51.383258,0.08116,51.373289,0.089119,2455.6108593482913,2541.3,2875.5
762,51.387265,0.089019,51.373289,0.089119,2455.759229051409,2461.8,2794.8
763,51.377192,0.083283,51.373289,0.089119,2458.8638224646197,2524.7,2731.5
764,51.394784,0.123207,51.373289,0.089119,2460.154728943371,2883.1,3460
765,51.363707,0.06882,51.373289,0.089119,2463.285389166338,2636.8,3047.7
766,51.332266,0.024189,51.373289,0.089119,2468.705086420948,2719.5,4130.5
767,51.359199,0.085731,51.373289,0.089119,2474.549713989068,2566.5,2847.4
768,51.383163,0.081111,51.373289,0.089119,2480.8271203641643,2536.8,2875.5
769,51.354732,0.101482,51.377414,0.100986,2482.7644941434605,2718.3,3225.2
770,51.389245,0.069895,51.373289,0.089119,2487.8873176235534,2547.2,2940.2
771,51.36352,0.098566,51.373289,0.089119,2490.6216556569425,2555.1000000000004,2759.1
772,51.409062,0.062033,51.373289,0.089119,2492.5772694947354,2813.9,3451.7
773,51.389245,0.069895,51.373289,0.089119,2494.5441649780582,2547.2,2940.2
774,51.374951,0.014687,51.373289,0.089119,2496.6423512306906,2948.8999999999996,3586.7
775,51.38334,0.116198,51.373289,0.089119,2497.870672967037,2589.5,3030.2
776,51.400292,0.10827,51.41914,0.072061,2505.3005668203937,2773.4,3179.9
777,51.359444,0.085241,51.373289,0.089119,2507.8286138634494,2560.8,2847.4
778,51.363475,0.098595,51.373289,0.089119,2519.19579336311,2554.3,2759.1
779,51.375793,0.107093,51.373289,0.089119,2520.4078924394507,2599.2,2892.8
780,51.37795,0.077552,51.376739,0.09954,2521.3433463150454,2578.6,2844.8
781,51.363707,0.06882,51.373289,0.089119,2526.4592962922106,2636.8,3047.7
782,51.36352,0.098566,51.373289,0.089119,2528.061195736198,2555.1000000000004,2759.1
783,51.371822,0.056715,51.373289,0.089119,2531.9817839909015,2578.9,2963.2
784,51.391005,0.084979,51.373289,0.089119,2532.766099448488,2639.3,3103.4
785,51.406061,0.092701,51.426083,0.102051,2536.5656185004354,2734.3,3080.8
786,51.38334,0.116198,51.373289,0.089119,2538.8645138993247,2589.5,3030.2
787,51.400049,0.059786,51.373289,0.089119,2539.719018736439,2990.8,3648.6
788,51.371741,0.042793,51.373289,0.089119,2546.781500555457,2610.3,3073.2
789,51.429247,0.107863,51.373289,0.089119,2549.1028184458687,2695.1,3776.7
790,51.387278,0.089104,51.373289,0.089119,2550.1167544449418,2614.9,2947.1
791,51.423588,0.109037,51.373289,0.089119,2563.9016328321736,2603.2,3346.8
792,51.362651,0.083601,51.373289,0.089119,2565.9213235346847,2650.8,2909.6
793,51.393354,0.125955,51.373289,0.089119,2568.2502339992807,2871,3473.6
794,51.363579,0.098549,51.373289,0.089119,2578.0357621405146,2672.1,2932.4
795,51.332266,0.024189,51.373289,0.089119,2579.4969600493637,2719.5,4130.5
796,51.377957,0.111321,51.373289,0.089119,2584.674678266967,2645.6,2957.8
797,51.354854,0.101794,51.373289,0.089119,2592.5756340403427,2821,3332.1
798,51.36714,0.120211,51.373289,0.089119,2595.7550540159677,2627.9,2982.3
799,51.36379,0.095382,51.373289,0.089119,2596.173875660773,2642.9,2879.1
800,51.405357,0.089945,51.373289,0.089119,2596.19837291827,2845.8,3380.1
801,51.37795,0.077552,51.376739,0.09954,2596.262870712157,2637.5,2903.8
802,51.359199,0.085731,51.373289,0.089119,2596.7705242694815,2760.8,3043.4
803,51.374059,0.0399,51.373289,0.089119,2599.5686334289494,2643.3,3164.4
804,51.363707,0.06882,51.373289,0.089119,2602.5610191832106,2636.8,3047.7
805,51.411709,0.113374,51.373289,0.089119,2607.992220150697,2727.8,3346.8
806,51.398356,0.06212,51.373289,0.089119,2614.7676669372304,3054.1,3935
807,51.383163,0.081111,51.373289,0.089119,2624.976011247995,2656.5,2986.2
808,51.366691,0.082858,51.373289,0.089119,2629.4986144831178,2648.5,2806.4
809,51.408582,0.058203,51.373289,0.089119,2629.8283612605933,2715.8,3451.7
810,51.386778,0.07701,51.373289,0.089119,2630.183364937408,2666.6,3013.5
811,51.394739,0.075845,51.373289,0.089119,2631.5465539203647,2834.6,3380.5
812,51.392991,0.054097,51.373289,0.089119,2639.265321611347,2903.5,3462.7
813,51.366691,0.082858,51.373289,0.089119,2650.593839776614,2678.5,2836.4
814,51.383856,0.117846,51.373289,0.089119,2658.0970488482385,2823.7,3316.8
815,51.393354,0.125955,51.373289,0.089119,2661.0056507741488,2871,3473.6
816,51.386181,0.070901,51.373289,0.089119,2661.0280900684033,2827.4,3228.4
817,51.36318,0.109239,51.373289,0.089119,2661.6042405986755,2700.5,3073.1
818,51.308226,0.037141,51.373289,0.089119,2664.8236902624276,2745.2,3872.6
819,51.386181,0.070901,51.373289,0.089119,2667.144845493575,2827.4,3228.4
820,51.381121,0.102078,51.407013,0.072698,2667.2758115351303,2768.8,3248.8
821,51.367592,0.072076,51.373289,0.089119,2669.9313327703458,2775.3,3075.8
822,51.412201,0.046528,51.373289,0.089119,2671.9373790822215,3061.9,3968.9
823,51.360806,0.10564,51.373289,0.089119,2672.1192817752712,2777.5,3073.1
824,51.386181,0.070901,51.373289,0.089119,2673.6586547460743,2827.4,3352
825,51.372613,0.016006,51.373289,0.089119,2674.485403253606,2897.7,3586.7
826,51.38334,0.116198,51.373289,0.089119,2674.872326876674,2786.9,3316.8
827,51.425058,0.106869,51.373289,0.089119,2679.4924637509744,2837.1,3776.7
828,51.408169,0.098927,51.373289,0.089119,2680.6457851702567,2882.9,3456.1
829,51.392592,0.0835,51.373289,0.089119,2685.1471498235674,2927,3373.4
830,51.372546,0.087542,51.373289,0.089119,2690.09389583922,2707.7,2805.3
831,51.36352,0.098566,51.373289,0.089119,2697.110624192214,2728.3,2932.4
832,51.363707,0.06882,51.373289,0.089119,2703.6948095813254,2986.7,3394.2
833,51.36714,0.120211,51.373289,0.089119,2704.046120358165,2753.5,3104.4
834,51.394819,0.121873,51.373289,0.089119,2706.431179668852,2825.7,3460
835,51.394819,0.121873,51.373289,0.089119,2710.7581183264474,2825.7,3460
836,51.36975,0.081367,51.373289,0.089119,2712.157061654584,2790,2969.8
837,51.387265,0.089019,51.373289,0.089119,2724.3273460726346,2777,3103.4
838,51.379202,0.101517,51.373289,0.089119,2725.364896362076,2771.5,3041.8
839,51.407665,0.057023,51.373289,0.089119,2725.63059834619,2770.4,3451.7
840,51.417305,0.115911,51.373289,0.089119,2726.8153442007356,2775.1,3550.2
841,51.356318,0.099467,51.373289,0.089119,2728.97171547986,2879.9,3332.1
842,51.408169,0.098927,51.373289,0.089119,2729.0210531789007,2883.0,3456.1
843,51.382804,0.058775,51.373289,0.089119,2730.807002871137,3097.7,3801.5
844,51.366122,0.100181,51.373289,0.089119,2732.9486952341513,2825.8,3033.8
845,51.362667,0.083672,51.373289,0.089119,2736.983954277892,2831.4,3119.9
846,51.383683,0.055719,51.373289,0.089119,2740.4115883411982,3136.6,3801.5
847,51.312317,0.035579,51.373289,0.089119,2741.485072763654,3102,4370.5
848,51.371216,0.120965,51.373289,0.089119,2743.6654633997573,2890,3284.3
849,51.375015,0.014733,51.373289,0.089119,2745.7595736646963,2948.7,3586.7
850,51.387265,0.089019,51.373289,0.089119,2746.1180127724137,2777,3103.4
851,51.410224,0.107669,51.407785,0.07365,2747.465530814094,2980.8,3345.6
852,51.362651,0.083601,51.373289,0.089119,2747.8963967941386,2830.8,3119.9
853,51.405357,0.089945,51.373289,0.089119,2749.2252807624004,2845.8,3380.1
854,51.306543,0.046027,51.373289,0.089119,2760.6989080315548,3289.6,4370.5
855,51.312317,0.035579,51.373289,0.089119,2760.7587335773396,3102,4370.5
856,51.401226,0.116967,51.373289,0.089119,2762.9509007964853,3024.5,3614.9
857,51.36318,0.109239,51.373289,0.089119,2763.494855294431,2850.3,3156.8
858,51.372613,0.016006,51.373289,0.089119,2766.2320939992337,2897.7,3586.7
859,51.392592,0.0835,51.373289,0.089119,2767.846103144122,2927,3373.4
860,51.308226,0.037141,51.373289,0.089119,2768.4704715829007,3205.9,4370.5
861,51.383258,0.08116,51.373289,0.089119,2770.0557149296637,2900.7,3235
862,51.397793,0.09717,51.373289,0.089119,2771.579358167306,3063.3,3593
863,51.312317,0.035579,51.373289,0.089119,2773.2075568345613,3076.5,4130.5
864,51.377739,0.116504,51.373289,0.089119,2774.3698577819077,2919.3,3290.1
865,51.374951,0.014687,51.373289,0.089119,2775.2559838639722,3268.8,3903.1
866,51.377957,0.111321,51.373289,0.089119,2783.742172475091,2854,3195.7
867,51.393442,0.034359,51.373289,0.089119,2789.772869439817,3330.9,4033
868,51.425789,0.098969,51.373289,0.089119,2794.350088720617,2934.3,3776.7
869,51.362913,0.069291,51.377894,0.101348,2794.9539432260713,2968.3,3341.8
870,51.384008,0.078137,51.373289,0.089119,2801.262717292276,2921,3228.4
871,51.393354,0.125955,51.373289,0.089119,2804.541320473695,2871,3473.6
872,51.393354,0.125955,51.373289,0.089119,2804.6477392370725,2871,3473.6
873,51.332266,0.024189,51.373289,0.089119,2810.5464108386036,3266,4097.2
874,51.372641,0.097814,51.373289,0.089119,2815.953953314203,2837.4,2957.8
875,51.392692,0.076061,51.373289,0.089119,2824.497187539458,2950.9,3380.5
876,51.363608,0.098554,51.373289,0.089119,2825.490692259867,2869.1,3073.1
877,51.408169,0.098927,51.373289,0.089119,2829.3668690753516,2883.1,3456.1
878,51.392991,0.054097,51.373289,0.089119,2836.682872231499,2903.5,3462.7
879,51.362667,0.083672,51.373289,0.089119,2837.5475862906915,2861.6,3119.9
880,51.359444,0.085241,51.373289,0.089119,2838.891475077803,2916.1,3202.7
881,51.312317,0.035579,51.373289,0.089119,2840.9458310121913,-1.0,-1.0
882,51.397662,0.122674,51.418611,0.089081,2844.049600479102,3120.3,3649.3
883,51.38334,0.116198,51.373289,0.089119,2848.457386019565,2879.1,3316.8
884,51.377192,0.083283,51.373289,0.089119,2849.8813666780597,2850,3058.6
885,51.406061,0.092701,51.426083,0.102051,2850.639520591385,3035.6,3381.5
886,51.393442,0.034359,51.373289,0.089119,2854.0595666008307,3331.0,4033
887,51.395508,0.096271,51.373289,0.089119,2856.173230818861,3072,3594.2
888,51.312317,0.035579,51.373289,0.089119,2858.2851857527075,-1.0,-1.0
889,51.36318,0.109239,51.373289,0.089119,2858.708644778832,2884.2,3195
890,51.387417,0.03888,51.373289,0.089119,2860.5537260429933,3326.4,4262.8
891,51.39042,0.069566,51.373289,0.089119,2863.288199695356,2942.7,3352
892,51.366122,0.100181,51.373289,0.089119,2867.454782449261,2915.7,3123.7
893,51.36975,0.081367,51.373289,0.089119,2868.337506950406,2881.6,3063.5
894,51.383175,0.080856,51.373289,0.089119,2868.4246438601003,2897.7,3235
895,51.372465,0.078545,51.375813,0.100675,2871.084398592584,2899.3,3116.2
896,51.38495,0.062738,51.373289,0.089119,2872.206508907576,3189.7,3734.2
897,51.362651,0.083601,51.373289,0.089119,2883.6871595494463,2980.8,3239.6
898,51.411709,0.113374,51.373289,0.089119,2888.0530484055953,2928.1,3550.2
899,51.366122,0.100181,51.373289,0.089119,2888.117997552694,2915.7,3123.7
900,51.387122,0.078479,51.373289,0.089119,2889.671750683498,3047.2,3407.5
901,51.387191,0.114103,51.366065,0.055464,2893.149546792712,2984.6,3643.3
902,51.372546,0.087542,51.373289,0.089119,2895.0179304100398,2914.5,3013.5
903,51.392991,0.054097,51.373289,0.089119,2900.6710034607772,2915.1,3462.7
904,51.387122,0.078479,51.373289,0.089119,2901.417850431761,3047.2,3407.5
905,51.359077,0.110302,51.373289,0.089119,2905.1889481865906,3004.4,3360.8
906,51.315575,0.034027,51.373289,0.089119,2906.69772174446,-1.0,-1.0
907,51.369828,0.089962,51.373289,0.089119,2908.524978345756,2972.1,3117.8
908,51.421226,0.067638,51.373289,0.089119,2910.818601428402,3239.8,3888.4
909,51.363602,0.096649,51.373289,0.089119,2911.2632382246884,2970.6,3227.6
910,51.422627,0.107933,51.373289,0.089119,2912.34316918424,3037.7,3776.7
911,51.36352,0.098566,51.373289,0.089119,2919.2213946406173,2967.5,3171.6
912,51.406868,0.076718,51.373289,0.089119,2922.01385630695,3199.3,3911.1
913,51.371552,0.121628,51.376815,0.099875,2928.863361004729,3122.6,3573.6
914,51.381721,0.103314,51.392107,0.113117,2935.830563379647,3050.7,3297.4
915,51.405671,0.048299,51.373289,0.089119,2938.891213342647,3204,3968.9
916,51.363707,0.06882,51.373289,0.089119,2951.0855500586817,2986.7,3394.2
917,51.418293,0.128845,51.373289,0.089119,2952.249022247655,3290.8,4180.2
918,51.369828,0.089962,51.373289,0.089119,2962.1541255115844,2972.1,3117.8
919,51.384008,0.078137,51.373289,0.089119,2964.0926348417215,3027.8,3344.4
920,51.372546,0.087542,51.373289,0.089119,2965.2934587813543,2970.9,3063.5
921,51.392991,0.054097,51.373289,0.089119,2971.771588724062,3110.4,3648.6
922,51.359199,0.085731,51.373289,0.089119,2976.768109104647,3065.5,3350.8
923,51.312317,0.035579,51.373289,0.089119,2978.9110373026047,-1.0,-1.0
924,51.384597,0.103294,51.416012,0.117947,2982.2420558047365,3194.1,3715.5
925,51.359199,0.085731,51.373289,0.089119,2984.676421030496,3065.5,3350.8
926,51.393921,0.105288,51.373289,0.089119,2993.691946773697,3145.9,3779.8
927,51.421226,0.067638,51.373289,0.089119,2994.074113701101,3239.8,3888.4
928,51.384008,0.078137,51.373289,0.089119,2999.7133732210973,3027.8,3344.4
929,51.369828,0.089962,51.373289,0.089119,3000.540188852498,3092.5,3238.1
930,51.378707,0.099396,51.373289,0.089119,3003.6629815015986,3097,3296.1
931,51.378707,0.099396,51.373289,0.089119,3011.906413420076,3097,3296.1
932,51.389666,0.120895,51.362571,0.095189,3012.6607315724955,3319.7,4090.2
933,51.353438,0.095622,51.373289,0.089119,3013.359396653337,3059.8,3431.9
934,51.36318,0.109239,51.373289,0.089119,3017.6760672113974,3080.2,3391.6
935,51.363602,0.096649,51.373289,0.089119,3020.188468747788,3084.9,3339.6
936,51.375793,0.107093,51.373289,0.089119,3023.285411610545,3093.5,3407.5
937,51.374589,0.107636,51.373289,0.089119,3023.3992826393996,3030,3268.4
938,51.384008,0.078137,51.373289,0.089119,3024.7166948620347,3032.7,3344.4
939,51.359199,0.085731,51.373289,0.089119,3029.838872756213,3065.5,3350.8
940,51.387592,0.114488,51.373289,0.089119,3030.3133736372083,3199.8,3757
941,51.384917,0.082606,51.373289,0.089119,3034.829413779606,3169.8,3509.5
942,51.394784,0.123207,51.373289,0.089119,3039.2520570968672,3381.9,4269.9
943,51.371462,0.068718,51.373289,0.089119,3049.5119117774298,3128.9,3408.5
944,51.426655,0.09816,51.418592,0.103199,3050.4978333928616,3438.3,3613.3
945,51.404697,0.056189,51.373289,0.089119,3053.017990785249,3227.3,3935
946,51.362667,0.083672,51.373289,0.089119,3058.3605229930063,3150.4,3407.6
947,51.368284,0.082987,51.373289,0.089119,3058.868105157832,3151.3,3350.1
948,51.372859,0.1031,51.373289,0.089119,3068.1975320758456,3119.8,3273.8
949,51.363608,0.098554,51.373289,0.089119,3074.5609852848975,3116.6,3319.9
950,51.392796,0.072216,51.367227,0.104178,3084.6703426548397,3233.4,3787.9
951,51.387122,0.078479,51.373289,0.089119,3090.5547520949904,3167,3527.5
952,51.390368,0.069627,51.373289,0.089119,3093.101458207702,3297.5,3735
953,51.397737,0.051201,51.373289,0.089119,3095.6241572051335,3517.4,4219.1
954,51.36714,0.120211,51.373289,0.089119,3097.8162477123687,3274.6,3626.8
955,51.397737,0.051201,51.373289,0.089119,3102.882203808254,3517.4,4219.1
956,51.408169,0.098927,51.373289,0.089119,3110.7986784639334,3242.9,3977.3
957,51.411243,0.054439,51.373289,0.089119,3114.908926520043,3385,4327.6
958,51.359371,0.08532,51.365322,0.064306,3120.6622032482023,3237.8,3525.2
959,51.367544,0.096128,51.365274,0.064172,3120.906142843838,3171.4,3502.3
960,51.397793,0.09717,51.373289,0.089119,3125.2985496786487,3156.2,3690
961,51.376039,0.05006,51.365337,0.064251,3126.939382499909,3373.4,3887.6
962,51.392796,0.072216,51.367227,0.104178,3128.6183761891816,3233.4,3787.9
963,51.374589,0.107636,51.373289,0.089119,3130.182810625373,3168.8,3407.5
964,51.38674,0.0711,51.373289,0.089119,3130.2379457276656,3328.2,3740.7
965,51.366691,0.082858,51.373289,0.089119,3130.790163345694,3193.1,3350.1
966,51.362898,0.108847,51.382471,0.045073,3133.140246857333,3197.1,4094
967,51.397793,0.09717,51.373289,0.089119,3134.095913807104,3156.2,3690
968,51.369122,0.063625,51.373289,0.089119,3134.1520662476187,3248.9,3619.6
969,51.387122,0.078479,51.373289,0.089119,3135.6554738073783,3167,3527.5
970,51.401571,0.108879,51.373289,0.089119,3137.455407554432,3394.1,3966.6
971,51.354854,0.101794,51.373289,0.089119,3140.1392723786935,3174.7,3658.3
972,51.387265,0.089019,51.373289,0.089119,3141.810644171104,3150.3,3483.8
973,51.359077,0.110302,51.373289,0.089119,3142.0659198719545,3295,3658.3
974,51.387278,0.089104,51.373289,0.089119,3145.0307586636445,3150,3483.8
975,51.387122,0.078479,51.373289,0.089119,3147.2943291960546,3167,3527.5
976,51.371741,0.042793,51.373289,0.089119,3147.402790829236,3225,3684.5
977,51.363707,0.06882,51.373289,0.089119,3149.669047997226,3335,3746.7
978,51.371552,0.121628,51.376815,0.099875,3156.2116045717385,3242.3,3573.6
979,51.401988,0.103609,51.381191,0.104231,3157.888763703608,3404.6,3772.9
980,51.383856,0.117846,51.373289,0.089119,3162.502151558153,3332.7,3762.6
981,51.36318,0.109239,51.373289,0.089119,3172.036386119156,3193.5,3528.4
982,51.392027,0.111732,51.373289,0.089119,3180.1788824092437,3218.9,3614.9
983,51.383856,0.117846,51.373289,0.089119,3197.565352094882,3332.7,3762.6
984,51.394739,0.075845,51.373289,0.089119,3202.4677410658687,3434.6,3961.2
985,51.363475,0.098595,51.373289,0.089119,3203.056868780513,3244.3,3449.1
986,51.36318,0.109239,51.373289,0.089119,3206.661532683026,3217.6,3528.4
987,51.38495,0.062738,51.373289,0.089119,3208.2970729704502,3228.7,3734.2
988,51.36975,0.081367,51.373289,0.089119,3209.707953869009,3273.1,3453.1
989,51.363602,0.096649,51.373289,0.089119,3210.6539764107033,3309.9,3563.8
990,51.38593,0.101273,51.373289,0.089119,3212.60013032732,3310.2,3779.8
991,51.387278,0.089104,51.373289,0.089119,3216.49381043121,3273.3,3606.1
992,51.374262,0.105042,51.373289,0.089119,3217.5471744471956,3369.7,3605
993,51.411243,0.054439,51.373289,0.089119,3218.5334979760437,3385,4327.6
994,51.377208,0.078399,51.373289,0.089119,3221.3863101453876,3282.4,3523.6
995,51.393442,0.034359,51.373289,0.089119,3222.015360240303,3331.1,4033
996,51.36318,0.109239,51.373289,0.089119,3223.595509266524,3305.6,3617.2
997,51.36975,0.081367,51.373289,0.089119,3227.6113349064367,3273.1,3453.1
998,51.361479,0.107549,51.373289,0.089119,3228.0238500541827,3376.8,3729.1
999,51.369122,0.063625,51.373289,0.089119,3229.474954470497,3248.9,3619.6
1000,51.374589,0.107636,51.373289,0.089119,3230.7403986263175,3255.8,3495
1001,51.420579,0.061099,51.373289,0.089119,3236.8522179266565,3367.9,4109.6
1002,51.371822,0.056715,51.373289,0.089119,3237.99188549455,3438.4,3829.1
1003,51.401571,0.108879,51.373289,0.089119,3243.128021139763,3394.1,3966.6
1004,51.352513,0.091851,51.373289,0.089119,3245.235716336367,3414.8,3748.7
1005,51.377957,0.111321,51.373289,0.089119,3248.046610877,3364,3705.7
1006,51.396677,0.113421,51.375202,0.099462,3250.758951359706,3421.4,3730.1
1007,51.387592,0.114488,51.373289,0.089119,3252.6395633115335,3334.1,3757
1008,51.37176,0.056793,51.373289,0.089119,3255.7601369739364,3438.5,3829.1
1009,51.375793,0.107093,51.373289,0.089119,3256.0181096187994,3365.2,3709.9
1010,51.312317,0.035579,51.373289,0.089119,3256.1903505610603,3882,5179.8
1011,51.386154,0.060555,51.373289,0.089119,3262.9853965949765,3302.2,3801.5
1012,51.36379,0.095382,51.373289,0.089119,3264.160627750894,3332.8,3569.1
1013,51.377739,0.116504,51.373289,0.089119,3264.2165079768583,3435.2,3830.4
1014,51.369122,0.063625,51.373289,0.089119,3268.3010302116736,3290.4,3619.6
1015,51.37176,0.056793,51.373289,0.089119,3270.1970831723415,3438.5,3829.1
1016,51.361702,0.097327,51.373289,0.089119,3270.3239683962393,3423,3737.5
1017,51.372613,0.016006,51.373289,0.089119,3271.0898532608844,3300,4144.5
1018,51.311086,0.034008,51.373289,0.089119,3271.8012102511098,-1.0,-1.0
1019,51.397737,0.051201,51.373289,0.089119,3274.9786075871953,3517.4,4219.1
1020,51.362667,0.083672,51.373289,0.089119,3279.4732942126234,3308.4,3568
1021,51.315575,0.034027,51.373289,0.089119,3281.1066134905936,-1.0,-1.0
1022,51.359077,0.110302,51.373289,0.089119,3288.353566515269,3304.3,3658.3
1023,51.383856,0.117846,51.373289,0.089119,3289.698403078997,3332.7,3762.6
1024,51.365127,0.038367,51.316074,0.0447,3290.474325576525,3645,4461.1
1025,51.401988,0.103609,51.381191,0.104231,3294.7080000761334,3404.6,3772.9
1026,51.36318,0.109239,51.373289,0.089119,3297.823764930137,3305.7,3617.2
1027,51.39086,0.103895,51.407694,0.073487,3299.297129071281,3428.3,3763.5
1028,51.368738,0.055865,51.369416,0.035622,3301.053665992771,3553.7,3799.1
1029,51.392836,0.096084,51.373289,0.089119,3301.888814087791,3484.6,3940.1
1030,51.397793,0.09717,51.373289,0.089119,3307.445463797336,3615.6,4147.9
1031,51.360806,0.10564,51.373289,0.089119,3308.6935293415345,3407.2,3729.1
1032,51.386181,0.070901,51.373289,0.089119,3309.3589327684226,3340.8,3740.7
1033,51.313766,0.024346,51.373289,0.089119,3311.2552509876227,-1.0,-1.0
1034,51.369569,0.093063,51.373289,0.089119,3318.4234941667364,3356.8,3469.9
1035,51.395533,0.12514,51.386682,0.0346,3320.952648579809,3450.1,4915.4
1036,51.408169,0.098927,51.373289,0.089119,3325.9541173121183,3407,3977.3
1037,51.361479,0.107549,51.373289,0.089119,3327.4687496031197,3376.8,3729.1
1038,51.408169,0.098927,51.373289,0.089119,3334.4158964070707,3407.1,3977.3
1039,51.419125,0.07225,51.400319,0.108353,3339.5188275015103,3494.4,4180.1
1040,51.379202,0.101517,51.373289,0.089119,3346.0563646289525,3386,3656.5
1041,51.375793,0.107093,51.373289,0.089119,3362.502203146697,3413.3,3709.9
1042,51.423287,0.062658,51.373289,0.089119,3370.5792164313984,3427,4109.6
1043,51.387122,0.078479,51.373289,0.089119,3374.5457905314465,3437.2,3951.9
1044,51.377192,0.083283,51.373289,0.089119,3378.1477974535615,3472.8,3691.6
1045,51.406061,0.092701,51.426083,0.102051,3379.01899806095,3580.4,3933.7
1046,51.384008,0.078137,51.373289,0.089119,3379.2381416944377,3401.2,3735
1047,51.405671,0.048299,51.373289,0.089119,3386.9029608855667,3561.3,4327.6
1048,51.38334,0.116198,51.373289,0.089119,3392.477728317705,3566.5,4038.6
1049,51.401226,0.116967,51.373289,0.089119,3392.634091299765,3613.6,4269.9
1050,51.366691,0.082858,51.373289,0.089119,3393.1989302815996,3428.5,3586.4
1051,51.389666,0.120895,51.362571,0.095189,3393.432834879095,3510.5,4090.2
1052,51.405966,0.064753,51.373289,0.089119,3394.9723247512397,3893.7,4597.8
1053,51.379926,0.08453,51.373289,0.089119,3398.983197984731,3471.5,3771.9
1054,51.393921,0.105288,51.373289,0.089119,3399.261707921349,3685.9,4182.3
1055,51.315575,0.034027,51.373289,0.089119,3400.1306434671965,-1.0,-1.0
1056,51.372546,0.087542,51.373289,0.089119,3401.9643062018545,3424.6,3523.6
1057,51.306543,0.046027,51.373289,0.089119,3403.495030787413,-1.0,-1.0
1058,51.389729,0.092299,51.373289,0.089119,3408.181068783687,3473.1,3911.1
1059,51.306689,0.036265,51.373289,0.089119,3409.5202856157553,-1.0,-1.0
1060,51.392918,0.032157,51.373289,0.089119,3412.1749355275206,3546.5,4262.8
1061,51.372613,0.016006,51.373289,0.089119,3418.539429839949,3535.6,4144.5
1062,51.368284,0.082987,51.373289,0.089119,3423.2835019937606,3485.5,3664.7
1063,51.393375,0.071298,51.373289,0.089119,3423.999765152579,3519.5,3961.2
1064,51.363602,0.096649,51.373289,0.089119,3425.67019276235,3468.6,3800.4
1065,51.359444,0.085241,51.373289,0.089119,3426.7687432845955,3512.3,3801.6
1066,51.383683,0.055719,51.373289,0.089119,3432.8923855725125,3811.7,4423.7
1067,51.386181,0.070901,51.373289,0.089119,3436.8048785187143,3552.7,3951.9
1068,51.384008,0.078137,51.373289,0.089119,3437.1691614608985,3495.8,3801.5
1069,51.377192,0.083283,51.373289,0.089119,3438.097887621963,3472.8,3691.6
1070,51.377739,0.116504,51.373289,0.089119,3447.485275406843,3460.8,3830.4
1071,51.36318,0.109239,51.373289,0.089119,3447.788342489459,3551.5,3861.5
1072,51.377208,0.078399,51.373289,0.089119,3452.980789507207,3495.2,3735
1073,51.397793,0.09717,51.373289,0.089119,3453.5970513962293,3615.6,4147.9
1074,51.36379,0.095382,51.373289,0.089119,3454.217532157292,3498.8,3737.5
1075,51.359199,0.085731,51.373289,0.089119,3459.2258743396264,3506.6,3801.6
1076,51.393354,0.125955,51.373289,0.089119,3459.2856161319382,3831.4,4433.9
1077,51.311086,0.034008,51.373289,0.089119,3464.774512079468,-1.0,-1.0
1078,51.389245,0.069895,51.373289,0.089119,3465.200347152932,3538.8,3935
1079,51.377957,0.111321,51.373289,0.089119,3465.7108187066215,3526.6,3830.4
1080,51.359077,0.110302,51.373289,0.089119,3471.540374399399,3596.3,3957.7
1081,51.362608,0.097022,51.373289,0.089119,3475.6262141135153,3501.2,3800.4
1082,51.377192,0.083283,51.373289,0.089119,3478.566994862038,3484.8,3691.6
1083,51.362651,0.083601,51.373289,0.089119,3482.5517423543556,3606.4,3863.6
1084,51.363602,0.096649,51.373289,0.089119,3485.3971349737485,3544.9,3800.4
1085,51.426256,0.109774,51.373289,0.089119,3488.730732961574,3854.7,4633.7
1086,51.386181,0.070901,51.373289,0.089119,3489.382859307742,3552.7,3951.9
1087,51.352513,0.091851,51.373289,0.089119,3493.1997217406542,3590.3,3953.3
1088,51.371822,0.056715,51.373289,0.089119,3493.388033669522,3591.3,3980.2
1089,51.387122,0.078479,51.373289,0.089119,3494.624753608008,3662.7,4076
1090,51.36352,0.098566,51.373289,0.089119,3495.131074112046,3520.8,3729.1
1091,51.394784,0.123207,51.373289,0.089119,3495.2460992799574,3888.5,4508.1
1092,51.312317,0.035579,51.373289,0.089119,3495.3574145331336,-1.0,-1.0
1093,51.423164,0.061406,51.407703,0.073603,3501.3570872811374,3616.9,3798.9
1094,51.362608,0.097022,51.373289,0.089119,3502.423400341398,3516.9,3800.4
1095,51.395508,0.096271,51.373289,0.089119,3503.7087654069637,3741.8,4386.6
1096,51.383856,0.117846,51.373289,0.089119,3504.6654247202555,3612.8,4038.6
1097,51.308226,0.037141,51.373289,0.089119,3511.8357611200686,-1.0,-1.0
1098,51.387278,0.089104,51.373289,0.089119,3516.652801337049,3555.7,3911.1
1099,51.383163,0.081111,51.373289,0.089119,3519.745733035823,3608.9,3942.9
1100,51.362667,0.083672,51.373289,0.089119,3520.4420519276596,3605.8,3863.6
1101,51.403993,0.110542,51.373289,0.089119,3520.4962734132077,3626.1,4180.2
1102,51.368284,0.082987,51.373289,0.089119,3523.9002248448965,3579.9,3759.7
1103,51.394784,0.123207,51.373289,0.089119,3528.1740778271833,3888.5,4508.1
1104,51.389245,0.069895,51.373289,0.089119,3534.124343302732,3541.2,3935
1105,51.423588,0.109037,51.373289,0.089119,3538.5356123684996,3813.8,4542.3
1106,51.387265,0.089019,51.373289,0.089119,3542.5049039673095,3582.9,3911.1
1107,51.369122,0.063625,51.373289,0.089119,3556.809158214353,3637.5,3962.5
1108,51.361349,0.064287,51.373289,0.089119,3559.367190135148,3669.5,4009.7
1109,51.38334,0.116198,51.373289,0.089119,3562.1665914131463,3571.5,4038.6
1110,51.332266,0.024189,51.373289,0.089119,3562.827969163536,4076,4907.2
1111,51.371741,0.042793,51.373289,0.089119,3564.6798362964387,3623.5,4216.5
1112,51.381121,0.102078,51.407013,0.072698,3565.1226663956754,3643.3,4124.4
1113,51.363707,0.06882,51.373289,0.089119,3567.1094867346046,3727,4137.4
1114,51.371462,0.068718,51.373289,0.089119,3571.2232535181015,3651.6,3927.9
1115,51.393125,0.075682,51.373289,0.089119,3573.3568920651933,3755.9,4189.4
1116,51.372859,0.1031,51.373289,0.089119,3573.6445188037274,3610.7,3764.1
1117,51.356318,0.099467,51.373289,0.089119,3574.873089561989,3859.9,4329.9
1118,51.38674,0.0711,51.373289,0.089119,3576.167075732272,3718.2,4107.3
1119,51.358061,0.09107,51.373289,0.089119,3577.9832980245046,3769,4050.7
1120,51.408169,0.098927,51.373289,0.089119,3582.511106344363,3902.9,4476.1
1121,51.359444,0.085241,51.373289,0.089119,3588.476142572643,3792.1,4078.4
1122,51.384917,0.082606,51.373289,0.089119,3590.7957454808297,3704.6,4045.8
1123,51.363602,0.096649,51.373289,0.089119,3593.655754374755,3773.3,4042.5
1124,51.392942,0.09599,51.362432,0.095065,3597.5036081953244,3814.7,4344.6
1125,51.389245,0.069895,51.373289,0.089119,3600.7789603396345,3766.6,4160.1
1126,51.405974,0.064899,51.373289,0.089119,3603.0129431512573,3893.7,4597.8
1127,51.418051,0.077129,51.373289,0.089119,3604.9906923142935,3866.2,4591.7
1128,51.305445,0.020836,51.373289,0.089119,3606.2338707407553,-1.0,-1.0
1129,51.359444,0.085241,51.373289,0.089119,3607.4455774139665,3792.1,4078.4
1130,51.359199,0.085731,51.373289,0.089119,3610.0325644565905,3786.4,4078.4
1131,51.361349,0.064287,51.373289,0.089119,3620.939505060877,3669.5,4009.7
1132,51.382804,0.058775,51.373289,0.089119,3624.8526264814673,3774.1,4423.7
1133,51.393354,0.125955,51.373289,0.089119,3626.4295981057553,3831.4,4433.9
1134,51.362212,0.091756,51.373289,0.089119,3626.858271864901,3748.9,3953.3
1135,51.392991,0.054097,51.373289,0.089119,3644.8861746327266,3681.6,4219.1
1136,51.401226,0.116967,51.373289,0.089119,3644.9743387202407,3702.5,4269.9
1137,51.306543,0.046027,51.373289,0.089119,3645.542905924081,4238.5,-1.0
1138,51.401988,0.103609,51.381191,0.104231,3650.377292995897,3901.6,4271
1139,51.376122,0.017745,51.373289,0.089119,3650.820829060431,3974,4649
1140,51.38678,0.079373,51.373289,0.089119,3652.2933787917173,3689.3999999999996,4076
1141,51.358061,0.09107,51.373289,0.089119,3657.834380718261,3769,4050.7
1142,51.405966,0.064753,51.373289,0.089119,3661.8349996537618,3893.7,4597.8
1143,51.411243,0.054439,51.373289,0.089119,3664.0010866833336,3924.8,4928.9
1144,51.354732,0.101482,51.377414,0.100986,3664.3807481387475,3910.5,4421.1
1145,51.361349,0.064287,51.373289,0.089119,3667.560438938585,3710.1,4009.7
1146,51.401226,0.116967,51.373289,0.089119,3674.551947331369,3925.5,4505
1147,51.366122,0.100181,51.373289,0.089119,3684.906650152793,3786.2,3994.1
1148,51.374059,0.0399,51.373289,0.089119,3685.53875819403,3909.6,4524.5
1149,51.393354,0.125955,51.373289,0.089119,3687.0020224591644,3831.4,4433.9
1150,51.308226,0.037141,51.373289,0.089119,3687.390313539221,-1.0,-1.0
1151,51.38674,0.0711,51.373289,0.089119,3687.480166462475,3718.2,4107.3
1152,51.383856,0.117846,51.373289,0.089119,3691.5166743320874,3777.3,4212
1153,51.376235,0.122352,51.373289,0.089119,3701.355500946346,3853.3,4371.8
1154,51.362212,0.091756,51.373289,0.089119,3701.444957904689,3748.9,3953.3
1155,51.386778,0.07701,51.373289,0.089119,3703.9156088789673,3735.4,4076
1156,51.360806,0.10564,51.373289,0.089119,3706.7378503558252,3737.1,4030.9
1157,51.383175,0.080856,51.373289,0.089119,3718.7251788140416,3794.9,4159.7
1158,51.378707,0.099396,51.373289,0.089119,3720.200285337728,3855,4055
1159,51.36714,0.120211,51.373289,0.089119,3720.5546363914045,3926.5,4279.4
1160,51.381121,0.102078,51.407013,0.072698,3723.0490297574447,3800.5,4277.2
1161,51.358061,0.09107,51.373289,0.089119,3723.230337757028,3769,4050.7
1162,51.392692,0.076061,51.373289,0.089119,3724.7228336717317,3753,4189.4
1163,51.394784,0.123207,51.373289,0.089119,3725.532347072779,3888.5,4508.1
1164,51.354732,0.101482,51.377414,0.100986,3727.0134602640833,3910.5,4421.1
1165,51.372465,0.078545,51.375813,0.100675,3727.8935189193535,3793.6,4007.9
1166,51.392592,0.0835,51.373289,0.089119,3738.2597795696406,3821.4,4270.3
1167,51.36379,0.095382,51.373289,0.089119,3748.1065176641987,3804,4042.5
1168,51.383856,0.117846,51.373289,0.089119,3750.1280846519417,3781.8,4212
1169,51.397793,0.09717,51.373289,0.089119,3750.2964217004373,3906.3,4440.2
1170,51.363608,0.098554,51.373289,0.089119,3753.0329288530806,3826.7,4030.9
1171,51.315575,0.034027,51.373289,0.089119,3756.687574411629,4275.2,-1.0
1172,51.377192,0.083283,51.373289,0.089119,3760.279133540449,3848.1,4063.4
1173,51.38334,0.116198,51.373289,0.089119,3766.5102192937857,3857.2,4300.8
1174,51.36714,0.120211,51.373289,0.089119,3767.0318651269486,3926.5,4279.4
1175,51.359199,0.085731,51.373289,0.089119,3767.557764349061,3786.4,4078.4
1176,51.391005,0.084979,51.373289,0.089119,3770.257180444874,3830.4,4260.9
1177,51.395508,0.096271,51.373289,0.089119,3770.3663679847277,3813.6,4386.6
1178,51.356958,0.138095,51.365711,0.059512,3770.460640531325,3910.4,4661.7
1179,51.386181,0.070901,51.373289,0.089119,3775.6225122869178,3835.3,4235.2
1180,51.386778,0.07701,51.373289,0.089119,3777.530924366068,3783.8,4126.8
1181,51.419111,0.075381,51.373289,0.089119,3781.3281005307967,3895,4591.7
1182,51.306543,0.046027,51.373289,0.089119,3783.800113291098,4238.5,-1.0
1183,51.312317,0.035579,51.373289,0.089119,3784.346565491684,4352.1,-1.0
1184,51.371822,0.056715,51.373289,0.089119,3786.7110480135,3831.3,4220.2
1185,51.36283,0.069857,51.373915,0.09662,3788.708574968933,3927,4230.6
1186,51.383258,0.08116,51.373289,0.089119,3788.765875568906,3826.5,4159.7
1187,51.361702,0.097327,51.373289,0.089119,3796.604771699596,3933,4231.6
1188,51.419111,0.075381,51.373289,0.089119,3800.4424412392505,3895,4591.7
1189,51.377957,0.111321,51.373289,0.089119,3809.946308169893,3833.8,4145.9
1190,51.38495,0.062738,51.373289,0.089119,3818.308792265636,4089,4719.2
1191,51.312317,0.035579,51.373289,0.089119,3819.867346201776,4352.1,-1.0
1192,51.395508,0.096271,51.373289,0.089119,3829.2683387383186,3863.7,4386.6
1193,51.369122,0.063625,51.373289,0.089119,3833.5438447641777,3889.1,4217.3
1194,51.425789,0.099036,51.373289,0.089119,3837.4807258218384,4042.2,5135.8
1195,51.377208,0.078399,51.373289,0.089119,3837.5513775570207,3886.2,4125.4
1196,51.392836,0.096084,51.373289,0.089119,3840.271205774635,3900.3,4358.5
1197,51.372546,0.087542,51.373289,0.089119,3842.1111853371885,3870.1,3962.5
1198,51.363475,0.098595,51.373289,0.089119,3845.224350197775,3960.8,4165.8
1199,51.363608,0.098554,51.373289,0.089119,3846.00277772436,3959,4163.8
1200,51.305445,0.020836,51.373289,0.089119,3850.886619789147,-1.0,-1.0
1201,51.306689,0.036265,51.373289,0.089119,3851.4402619335015,-1.0,-1.0
1202,51.306543,0.046027,51.373289,0.089119,3853.445729110218,-1.0,-1.0
1203,51.393354,0.125955,51.373289,0.089119,3859.706149071013,4068.8,4672.4
1204,51.405966,0.064753,51.373289,0.089119,3862.546664001914,3893.7,4597.8
1205,51.358061,0.09107,51.373289,0.089119,3866.8500321917413,3890,4171.2
1206,51.387278,0.089104,51.373289,0.089119,3874.7095793468707,3926.5,4260.9
1207,51.354854,0.101794,51.373289,0.089119,3878.3481276701996,3923.4,4329.9
1208,51.393354,0.125955,51.373289,0.089119,3883.4314634531506,4068.8,4672.4
1209,51.360806,0.10564,51.373289,0.089119,3889.5394830546797,4071.3,4367.5
1210,51.375015,0.014733,51.373289,0.089119,3889.610863608471,4014.5,4649
1211,51.400292,0.10827,51.41914,0.072061,3890.389348106701,4010.6,4412.9
1212,51.381121,0.102078,51.407013,0.072698,3894.6503051567165,3967,4447.7
1213,51.332266,0.024189,51.373289,0.089119,3895.421036987329,4076,4907.2
1214,51.36975,0.081367,51.373289,0.089119,3895.477779442126,3963.1,4143.1
1215,51.377192,0.083283,51.373289,0.089119,3895.593134005112,3964.9,4225.4
1216,51.371552,0.121628,51.376815,0.099875,3897.0501115764137,4082.6,4512.8
1217,51.371741,0.042793,51.373289,0.089119,3897.329167817538,4046.5,4646.3
1218,51.376235,0.122352,51.373289,0.089119,3898.555998252457,3947.8,4371.8
1219,51.353438,0.095622,51.373289,0.089119,3898.7656271804813,4052.6,4423.3
1220,51.377208,0.078399,51.373289,0.089119,3900.646295327397,3944,4184.4
1221,51.375015,0.014733,51.373289,0.089119,3903.89518801319,4014.5,4649
1222,51.387592,0.114488,51.373289,0.089119,3905.417649498773,3983.4,4405
1223,51.312317,0.035579,51.373289,0.089119,3911.8822137563143,3971.3,5179.8
1224,51.394819,0.121873,51.373289,0.089119,3916.044881008796,3950.7,4508.1
1225,51.366122,0.100181,51.373289,0.089119,3918.404237076698,3961,4229.6
1226,51.394819,0.121873,51.373289,0.089119,3931.4646163459224,4126.1,4762.6
1227,51.405966,0.064753,51.373289,0.089119,3933.8617720123957,4156.2,4928.9
1228,51.396677,0.113421,51.375202,0.099462,3933.9959188698213,4062.4,4376.5
1229,51.377208,0.078399,51.373289,0.089119,3943.9558355000277,3974,4214.4
1230,51.363608,0.098554,51.373289,0.089119,3944.552979698436,3960.9,4163.8
1231,51.378707,0.099396,51.373289,0.089119,3945.295882615873,4060.7,4258.3
1232,51.392918,0.032157,51.373289,0.089119,3946.097506115053,4276.2,5181.2
1233,51.332266,0.024189,51.373289,0.089119,3947.2682637022504,4076,4907.2
1234,51.372546,0.087542,51.373289,0.089119,3947.4240204017156,3964.2,4063.4
1235,51.37258,0.082055,51.376987,0.097059,3950.1331800933435,4003.2,4195.8
1236,51.332266,0.024189,51.373289,0.089119,3952.685417913439,4076,4907.2
1237,51.407665,0.057023,51.373289,0.089119,3956.663046649561,4009.9,4928.9
1238,51.366122,0.100181,51.373289,0.089119,3960.99416595376,4020.5,4229.6
1239,51.393354,0.125955,51.373289,0.089119,3967.5893441338,4068.8,4672.4
1240,51.36318,0.109239,51.373289,0.089119,3969.8538703877266,4052,4371
1241,51.377192,0.083283,51.373289,0.089119,3971.218628573612,4012.8,4225.4
1242,51.397793,0.09717,51.373289,0.089119,3980.1546091913733,4108,4739.6
1243,51.385857,0.066954,51.373289,0.089119,3980.216046721006,4015.5,4719.2
1244,51.38408,0.115081,51.376816,0.099724,3980.3798821730024,4083.3,4294.8
1245,51.36975,0.081367,51.373289,0.089119,3994.0220319507525,4105.2,4285.6
1246,51.36352,0.098566,51.373289,0.089119,3994.952026581181,4112,4316.1
1247,51.365635,0.098214,51.373289,0.089119,4001.2280130097183,4113.8,4300.1
1248,51.36352,0.098566,51.373289,0.089119,4009.1845767356676,4112,4316.1
1249,51.361702,0.097327,51.373289,0.089119,4011.800996957698,4105.3,4407.2
1250,51.426256,0.109774,51.373289,0.089119,4012.28238353865,4176.9,5135.8
1251,51.374589,0.107636,51.373289,0.089119,4015.3234481468558,4037.1,4276
1252,51.389245,0.069895,51.373289,0.089119,4019.5894091953337,4024.2,4423.7
1253,51.363441,0.110437,51.373289,0.089119,4020.6526974792964,4091.4,4371
1254,51.418051,0.077129,51.373289,0.089119,4022.8098206719474,4345.6,5071.5
1255,51.387265,0.089019,51.373289,0.089119,4024.1923537028483,4084.2,4416.5
1256,51.311086,0.034008,51.373289,0.089119,4027.1656801294394,4149.4,5179.8
1257,51.363782,0.107029,51.373289,0.089119,4027.9933649292243,4139.3,4513.3
1258,51.421544,0.060143,51.382413,0.045041,4030.787170332753,4345.3,4893.5
1259,51.419111,0.075381,51.373289,0.089119,4032.99048638154,4374.6,5071.5
1260,51.363707,0.06882,51.373289,0.089119,4045.095994843224,4276.7,4684.2
1261,51.393921,0.105288,51.373289,0.089119,4046.072899611105,4225.9,4722.3
1262,51.386181,0.070901,51.373289,0.089119,4053.7932730369153,4164.3,4564.3
1263,51.362898,0.108847,51.382471,0.045073,4056.244257084522,4224.8,4986.4
1264,51.369122,0.063625,51.373289,0.089119,4056.992517458024,4197.2,4524.5
1265,51.372641,0.097814,51.373289,0.089119,4063.26403667854,4099.2,4219.4
1266,51.392027,0.111732,51.373289,0.089119,4064.792482923096,4106.5,4505
1267,51.387122,0.078479,51.373289,0.089119,4066.7431855387626,4209.4,4574.1
1268,51.387417,0.03888,51.373289,0.089119,4068.9686702984363,4523,5181.2
1269,51.371216,0.120965,51.373289,0.089119,4073.7777337778493,4090.0,4697.9
1270,51.359199,0.085731,51.373289,0.089119,4074.7227533741443,4140.8,4423.4
1271,51.389729,0.092299,51.373289,0.089119,4081.968219465347,4170,4569.9
1272,51.377957,0.111321,51.373289,0.089119,4082.0866067603033,4204,4545.7
1273,51.374589,0.107636,51.373289,0.089119,4088.4478755601713,4230.8,4469.1
1274,51.354854,0.101794,51.373289,0.089119,4091.078732078338,4361.1,4821.4
1275,51.376235,0.122352,51.373289,0.089119,4094.291443391859,4218.7,4697.9
1276,51.367592,0.072076,51.373289,0.089119,4096.584887847994,4236.9,4534
1277,51.383258,0.08116,51.373289,0.089119,4099.728855316514,4183.6,4517.4
1278,51.392918,0.032157,51.373289,0.089119,4105.922006351416,4276.2,5181.2
1279,51.368284,0.082987,51.373289,0.089119,4108.618250573595,4147.2,4326.3
1280,51.39042,0.069566,51.373289,0.089119,4110.051161839645,4241.6,4719.2
1281,51.360806,0.10564,51.373289,0.089119,4110.20868785859,4217.7,4513.3
1282,51.315575,0.034027,51.373289,0.089119,4119.41996536456,4275.2,-1.0
1283,51.394784,0.123207,51.373289,0.089119,4125.10290483514,4182.6,4762.6
1284,51.383258,0.08116,51.373289,0.089119,4127.725545412618,4183.6,4517.4
1285,51.395508,0.096271,51.373289,0.089119,4129.420872514432,4213.6,4739.6
1286,51.392027,0.111732,51.373289,0.089119,4136.451171920663,4144.9,4542.3
1287,51.384597,0.103294,51.416012,0.117947,4142.745097086722,4360.8,5091.5
1288,51.371822,0.056715,51.373289,0.089119,4149.594175340915,4264.4,4646.3
1289,51.354854,0.101794,51.373289,0.089119,4152.180209105438,4361.1,4821.4
1290,51.371822,0.056715,51.373289,0.089119,4152.595939966586,4264.4,4646.3
1291,51.392836,0.096084,51.373289,0.089119,4153.909588099814,4270.3,4778.5
1292,51.386313,0.045252,51.373289,0.089119,4154.387057514738,4586.7,5353.6
1293,51.377192,0.083283,51.373289,0.089119,4156.764806680924,4234.9,4441.7
1294,51.391474,0.048143,51.373289,0.089119,4167.5591066124325,4562.1,5134
1295,51.392692,0.076061,51.373289,0.089119,4173.390145347355,4387.5,4818.5
1296,51.363707,0.06882,51.373289,0.089119,4179.422265597034,4276.7,4684.2
1297,51.400049,0.059786,51.373289,0.089119,4185.548092952278,4727.6,-1.0
1298,51.393921,0.105288,51.373289,0.089119,4189.929606073176,4225.9,4722.3
1299,51.352513,0.091851,51.373289,0.089119,4192.9626055248755,4328.4,4665.1
