48,51.387278,0.089104,51.373289,0.089119,605.1573803485688,691.8,1025
49,51.387417,0.03888,51.373289,0.089119,640.7327856799722,831.6,1637.5
50,51.39042,0.069566,51.373289,0.089119,647.3539340063483,880.9,1291.8
51,51.362651,0.083601,51.373289,0.089119,653.2425523707523,759.9,1019.1
52,51.383175,0.080856,51.373289,0.089119,673.67217905957,798.3,1128.1
53,51.408582,0.058203,51.373289,0.089119,678.743304547134,1156.4,1930.2
54,51.392592,0.0835,51.373289,0.089119,687.7103269363372,779.4,1223.7
55,51.405776,0.094894,51.373289,0.089119,693.1652100407015,952.2,1567.8
56,51.384917,0.082606,51.373289,0.089119,700.1651399428258,900.7,1239.7
57,51.429857,0.084437,51.373289,0.089119,722.4233737410959,921.1,1766.7
58,51.395508,0.096271,51.373289,0.089119,727.1181048401623,1162.8,1685.9
59,51.386437,0.065909,51.373289,0.089119,729.4841725213763,795.7,1274.9
60,51.361349,0.064287,51.373289,0.089119,735.9155916464762,914.9,1211.1
61,51.374951,0.014687,51.373289,0.089119,736.0965398087378,941.9,1578.8
62,51.311086,0.034008,51.373289,0.089119,742.122665557225,771.8,1802.5
63,51.38334,0.116198,51.373289,0.089119,758.4602003054216,991.7,1458.6
64,51.4096,0.053079,51.373289,0.089119,770.347553286848,1215.5,1930.2
65,51.390368,0.069627,51.373289,0.089119,782.2221853160441,880.8,1291.8
66,51.38674,0.0711,51.373289,0.089119,820.1042675215681,880.1,1274.9
67,51.401571,0.108879,51.373289,0.089119,822.5070313184823,942.8,1516.9
68,51.361702,0.097327,51.373289,0.089119,855.3153620211592,1083,1491.7
69,51.423588,0.109037,51.373289,0.089119,867.9107023204832,1051.8,1766.7
70,51.383856,0.117846,51.373289,0.089119,868.3217974749008,1032.8,1458.6
71,51.306543,0.046027,51.373289,0.089119,892.9637185247323,1460.6,2791
72,51.387122,0.078479,51.373289,0.089119,895.4778701194991,916.1,1277
73,51.36318,0.109239,51.373289,0.089119,895.9881805241916,1121.3,1431.5
74,51.36318,0.109239,51.373289,0.089119,909.7062245605742,1121.3999999999999,1431.5
75,51.374262,0.105042,51.373289,0.089119,909.7536188375306,1120.9,1356.3
76,51.394739,0.075845,51.373289,0.089119,941.283348480994,1154.6,1624.5
77,51.406868,0.076718,51.373289,0.089119,956.8459806023169,1459.3,2209.7
78,51.386154,0.060555,51.373289,0.089119,1007.6805347113617,1095.8,1637.5
79,51.308226,0.037141,51.373289,0.089119,1020.2488247237753,1377.3,2791
80,51.395508,0.096271,51.373289,0.089119,1028.3150319189272,1162.8,1685.9
81,51.305445,0.020836,51.373289,0.089119,1029.7687873646014,-1.0,-1.0
82,51.362651,0.083601,51.373289,0.089119,1061.8983040213443,1214.4,1592.8
83,51.386181,0.070901,51.373289,0.089119,1103.6235416328748,1236.3,1637.5
84,51.377957,0.111321,51.373289,0.089119,1122.4580465012866,1222.1,1534.9
85,51.353215,0.095823,51.373289,0.089119,1123.5778334031559,1419.8,1791.8
86,51.371216,0.120965,51.373289,0.089119,1149.887407676687,1389.6,1941.8
87,51.361349,0.064287,51.373289,0.089119,1152.0925655583615,1293.5,1588.7
88,51.369828,0.089962,51.373289,0.089119,1163.8665767233133,1255.4,1403.9
89,51.361349,0.064287,51.373289,0.089119,1166.3416854380425,1293.5,1588.7
90,51.386313,0.045252,51.373289,0.089119,1182.7612006260704,1508.5,2148
91,51.359444,0.085241,51.373289,0.089119,1191.413177388457,1307.4,1592.8
92,51.393921,0.105288,51.373289,0.089119,1206.5262631939495,1443.1,1975.8
93,51.362212,0.091756,51.373289,0.089119,1211.8174282428974,1286.9,1491.7
94,51.361349,0.064287,51.373289,0.089119,1325.2804042576897,1541,1836.3
95,51.369122,0.063625,51.373289,0.089119,1326.9622020264144,1479.4,1804.5
96,51.363707,0.06882,51.373289,0.089119,1343.0488359737676,1624.1,2036.4
97,51.409062,0.062033,51.373289,0.089119,1350.0785275322903,1554.6,2489.6
98,51.376235,0.122352,51.373289,0.089119,1351.6636207261752,1518.5,1941.8
99,51.393354,0.125955,51.373289,0.089119,1393.3949947381386,1801,2436.3
100,51.390368,0.069627,51.373289,0.089119,1405.6918582058763,1492.7,1903.3
101,51.37176,0.056793,51.373289,0.089119,1439.2504034594924,1641.7,2030.3
102,51.36975,0.081367,51.373289,0.089119,1458.247158910115,1540.3,1724.4
103,51.312317,0.035579,51.373289,0.089119,1466.1444994009541,1575.4,2791
104,51.361702,0.097327,51.373289,0.089119,1481.0014049721724,1563.5,1862
105,51.36379,0.095382,51.373289,0.089119,1499.129604802456,1570.8,1805.2
106,51.411243,0.054439,51.373289,0.089119,1506.53774168754,1623.1,2489.6
107,51.421269,0.067668,51.373289,0.089119,1510.6869901691973,1656.3,2483
108,51.422627,0.107933,51.373289,0.089119,1515.5850846009519,2011.5,2928.9
109,51.368284,0.082987,51.373289,0.089119,1542.81584283347,1603.4,1786.2
110,51.421269,0.067668,51.373289,0.089119,1550.4478706551529,1656.3,2483
111,51.306543,0.046027,51.373289,0.089119,1578.07589228558,1709.3,2791
112,51.374262,0.105042,51.373289,0.089119,1580.5999070543016,1750.9,1986.3
113,51.312788,0.031036,51.373289,0.089119,1583.1682898479155,-1.0,-1.0
114,51.419111,0.075381,51.373289,0.089119,1584.590271800134,1920.8,3120.5
115,51.379202,0.101517,51.373289,0.089119,1606.4040574164474,1704.2,1975.8
116,51.423588,0.109037,51.373289,0.089119,1619.8485710432803,2024.9,3229.6
117,51.392279,0.035162,51.373289,0.089119,1623.3869747716892,1882.1,2568.8
118,51.392836,0.096084,51.373289,0.089119,1649.1945474486326,1754.8,2209.7
119,51.359077,0.110302,51.373289,0.089119,1684.3423556317189,2094.7,2451.5
120,51.411243,0.054439,51.373289,0.089119,1689.1132581716986,1790.3,2489.6
121,51.387122,0.078479,51.373289,0.089119,1690.6854942959455,1854.6,2214.7
122,51.36352,0.098566,51.373289,0.089119,1698.3715310118077,1799.2,2003.2
123,51.362608,0.097022,51.373289,0.089119,1698.5366850647522,1885.2,2169.3
124,51.422627,0.107933,51.373289,0.089119,1712.703672372116,2011.5,2928.9
125,51.434171,0.003511,51.373289,0.089119,1721.2722902531564,-1.0,-1.0
126,51.367592,0.072076,51.373289,0.089119,1725.7449141533439,1856.4,2157.1
127,51.311086,0.034008,51.373289,0.089119,1738.874293073015,-1.0,-1.0
128,51.421269,0.067668,51.373289,0.089119,1739.0031299855666,1837.3,2483
129,51.389729,0.092299,51.373289,0.089119,1740.8672753528533,1808.7,2210.5
130,51.372546,0.087542,51.373289,0.089119,1743.0225363755135,1804.1,1903.3
131,51.405357,0.089945,51.373289,0.089119,1748.0711200688452,2214.5,2982.6
132,51.400049,0.059786,51.373289,0.089119,1754.8062688644532,2280.9,2945.2
133,51.374589,0.107636,51.373289,0.089119,1755.8470495904785,1800.4,2038.8
134,51.374589,0.107636,51.373289,0.089119,1775.5816894920042,1800.4,2038.8
135,51.377957,0.111321,51.373289,0.089119,1790.2558868288738,2032,2344.8
136,51.381592,0.103512,51.373289,0.089119,1805.3983271495463,2024.8,2328
137,51.362667,0.083672,51.373289,0.089119,1806.647527906972,1994,2251.2
138,51.387592,0.114488,51.373289,0.089119,1847.6924496334373,2013.3,2436.3
139,51.363602,0.096649,51.373289,0.089119,1855.5722818045074,1914.3,2169.3
140,51.38593,0.101273,51.373289,0.089119,1886.6614279592718,2275.9,2948.5
141,51.435428,0.115935,51.373289,0.089119,1909.198356561417,2215.4,3229.6
142,51.389245,0.069895,51.373289,0.089119,1921.4169547128063,2210.6,2602.9
143,51.363441,0.110437,51.373289,0.089119,1929.8497207727876,1981.2,2451.5
144,51.385857,0.066954,51.373289,0.089119,1939.7861906267453,2244.9,2881.2
145,51.376122,0.017745,51.373289,0.089119,1941.542639618674,2085.1,2996.5
146,51.386778,0.07701,51.373289,0.089119,1955.6232644335453,2071,2415.3
147,51.411709,0.113374,51.373289,0.089119,1964.0136894273492,2159.2,2928.9
148,51.395508,0.096271,51.373289,0.089119,1983.6850591153438,2331.8,2874.7
149,51.36714,0.120211,51.373289,0.089119,1990.9970064613983,2255.3,2616.1
150,51.306952,0.023171,51.373289,0.089119,1996.6369460137723,2565.5,4143.2
151,51.332266,0.024189,51.373289,0.089119,2000.6988743687862,2404.8,3229.8
152,51.369122,0.063625,51.373289,0.089119,2012.9328486948611,2229.5,2554.5
153,51.395508,0.096271,51.373289,0.089119,2017.1739267948187,2331.8,2874.7
154,51.412201,0.046528,51.373289,0.089119,2019.9073217290643,2282.2,3120.5
155,51.360806,0.10564,51.373289,0.089119,2023.0475294472926,2237.5,2632.1
156,51.363608,0.098554,51.373289,0.089119,2024.5868236320805,2189,2395.8
157,51.376235,0.122352,51.373289,0.089119,2031.170712362259,2418.8,2841.8
158,51.392991,0.054097,51.373289,0.089119,2041.5521218816725,2162.3,2945.2
159,51.378707,0.099396,51.373289,0.089119,2054.5372425700502,2199.7,2397.7
160,51.38674,0.0711,51.373289,0.089119,2066.0627678486685,2218.2,2607.3
161,51.362667,0.083672,51.373289,0.089119,2067.8167717423757,2237.8,2493.3
162,51.393921,0.105288,51.373289,0.089119,2086.989789879862,2373.1,2868.3
163,51.405776,0.094894,51.373289,0.089119,2096.4148707950667,2370.6,2982.6
164,51.315575,0.034027,51.373289,0.089119,2111.837815716413,-1.0,-1.0
165,51.409062,0.062033,51.373289,0.089119,2123.006584021447,2482.6,3120.5
166,51.371216,0.120965,51.373289,0.089119,2128.2429655834944,2491.3,2889.6
167,51.36318,0.109239,51.373289,0.089119,2133.9019743094673,2322.3,2632.1
168,51.374059,0.0399,51.373289,0.089119,2141.5385330545596,2315.2,2996.5
169,51.363475,0.098595,51.373289,0.089119,2154.099184102341,2190.8,2395.8
170,51.391474,0.048143,51.373289,0.089119,2177.2036392328464,2581.5,3228.8
171,51.376122,0.017745,51.373289,0.089119,2178.779199356105,2624.5,3223.4
172,51.401571,0.108879,51.373289,0.089119,2197.8893026710234,2358,2928.9
173,51.377957,0.111321,51.373289,0.089119,2214.182551302784,2464,2805.7
174,51.500591,0.054545,51.373289,0.089119,2219.4444395132095,-1.0,-1.0
175,51.407665,0.057023,51.373289,0.089119,2236.715487166795,2439,3120.5
176,51.405966,0.064753,51.373289,0.089119,2241.615620300566,2813.7,3860.5
177,51.435428,0.115935,51.373289,0.089119,2243.610462129549,2278.7,3229.6
178,51.372859,0.1031,51.373289,0.089119,2247.179701300246,2349.3,2503
179,51.306543,0.046027,51.373289,0.089119,2266.608182856904,2843.4,4143.2
180,51.366122,0.100181,51.373289,0.089119,2296.2735781105166,2406.2,2658.1
181,51.387417,0.03888,51.373289,0.089119,2313.9193125817083,2841.5,3500.6
182,51.392836,0.096084,51.373289,0.089119,2317.158629212384,2444.8,2948.5
183,51.39042,0.069566,51.373289,0.089119,2335.761016893714,2470.5,2881.2
184,51.411709,0.113374,51.373289,0.089119,2347.031389757868,2613.7,3229.6
185,51.354854,0.101794,51.373289,0.089119,2365.891186054634,2711.1,3235.1
186,51.387122,0.078479,51.373289,0.089119,2384.471238766365,2591.3,2954.9
187,51.425058,0.106869,51.373289,0.089119,2403.919003826529,-1.0,-1.0
188,51.387265,0.089019,51.373289,0.089119,2406.5793046886447,2544.5,2874.7
189,51.422324,0.109729,51.373289,0.089119,2413.3356272433025,-1.0,-1.0
190,51.371741,0.042793,51.373289,0.089119,2424.055132109575,2538.7,2996.5
191,51.405974,0.064899,51.373289,0.089119,2427.940368599271,2813.7,3860.5
192,51.366122,0.100181,51.373289,0.089119,2427.9699267321075,2455.1,2658.1
193,51.397793,0.09717,51.373289,0.089119,2447.120840681617,2856.2,3438.2
194,51.389729,0.092299,51.373289,0.089119,2452.745982000709,2545.7,2948.5
195,51.30615,0.042296,51.373289,0.089119,2458.138382762794,2912.1,4143.2
196,51.363608,0.098554,51.373289,0.089119,2460.7706106782184,2639,2842
197,51.393354,0.125955,51.373289,0.089119,2474.8241283599828,2998,3609.3
198,51.397793,0.09717,51.373289,0.089119,2478.4628484411996,2856.2,3438.2
199,51.387265,0.089019,51.373289,0.089119,2480.9591797640924,2544.5,2874.7
200,51.358061,0.09107,51.373289,0.089119,2485.2391631663972,2699.9,2979.7
201,51.394739,0.075845,51.373289,0.089119,2513.0849194525867,2883.1,3352
202,51.402296,0.109148,51.373289,0.089119,2550.054160118374,3038.8,3620.2
203,51.359199,0.085731,51.373289,0.089119,2558.5393053903103,2796.7,3081.2
204,51.308226,0.037141,51.373289,0.089119,2570.662339741662,3016.6,4143.2
205,51.386437,0.065909,51.373289,0.089119,2594.837402966022,2781.8,3228.8
206,51.401677,0.108956,51.373289,0.089119,2615.2812893475348,3048.9,3620.2
207,51.401677,0.108956,51.373289,0.089119,2620.2792012772843,3048.9,3620.2
208,51.393375,0.071298,51.373289,0.089119,2646.4752455140374,2901.1,3377.8
209,51.390368,0.069627,51.373289,0.089119,2647.7475968134017,2878.9,3289.2
210,51.379926,0.08453,51.373289,0.089119,2671.17621051167,2795.7,3096.6
211,51.418293,0.128845,51.373289,0.089119,2695.299994674914,3293.1,4376.4
212,51.412201,0.046528,51.373289,0.089119,2699.639522001247,3076.1,3860.5
213,51.393125,0.075682,51.373289,0.089119,2701.7068652275916,2795.9,3352
214,51.397737,0.051201,51.373289,0.089119,2723.563440426218,3191.4,3853.4
215,51.356318,0.099467,51.373289,0.089119,2726.096027862708,2782.3,3235.1
216,51.383856,0.117846,51.373289,0.089119,2734.453846435404,3035.4,3464.1
217,51.408169,0.098927,51.373289,0.089119,2767.9758894614397,3228.1,3797.6
218,51.417305,0.115911,51.373289,0.089119,2792.6537484164896,3332.3,4309.6
219,51.375793,0.107093,51.373289,0.089119,2793.7940452043167,3095.2,3393.8
220,51.36714,0.120211,51.373289,0.089119,2809.964416413161,3125.3,3486.1
221,51.387122,0.078479,51.373289,0.089119,2833.7084848982017,3017.6,3377.8
222,51.397793,0.09717,51.373289,0.089119,2850.9913904492682,2903.9,3438.2
223,51.423287,0.062658,51.373289,0.089119,2858.015641200764,3395.5,4127.4
224,51.374951,0.014687,51.373289,0.089119,2878.5143275909395,3410.7999999999997,4047
225,51.401571,0.108879,51.373289,0.089119,2879.4850218516485,3050.7000000000003,3620.2
226,51.405974,0.064899,51.373289,0.089119,2918.638138345933,3406,4308.6
227,51.363608,0.098554,51.373289,0.089119,2932.7522709759905,3085.8,3289.1
228,51.358061,0.09107,51.373289,0.089119,2942.2764691992425,3162.9,3468.3
229,51.425789,0.098969,51.373289,0.089119,2953.510494152012,3504.3,4309.6
230,51.371216,0.120965,51.373289,0.089119,2955.2516658986215,3309.6,3704.1
231,51.403993,0.110542,51.373289,0.089119,2960.3908484113063,3447,4074.3
232,51.393354,0.125955,51.373289,0.089119,2965.789185586446,2998,3609.3
233,51.406868,0.076718,51.373289,0.089119,2978.1087960558375,3439.3,4010.7
234,51.393354,0.125955,51.373289,0.089119,2990.784789704257,3001,3609.3
235,51.389245,0.069895,51.373289,0.089119,2999.680237199313,3107.3,3500.6
236,51.306543,0.046027,51.373289,0.089119,3005.319860957042,-1.0,-1.0
237,51.315575,0.034027,51.373289,0.089119,3010.3012071435096,-1.0,-1.0
238,51.383163,0.081111,51.373289,0.089119,3015.1205471820504,3167,3601.2
239,51.392592,0.0835,51.373289,0.089119,3015.4128321466164,3377,3846.8
240,51.405357,0.089945,51.373289,0.089119,3022.7648390234976,3113.2,3797.6
241,51.519177,-0.075655,51.373289,0.089119,3028.477903540303,-1.0,-1.0
242,51.369122,0.063625,51.373289,0.089119,3033.4068259056107,3230.4,3559.6
243,51.394784,0.123207,51.373289,0.089119,3054.8302164549336,3551.8,4132.1
244,51.375015,0.014733,51.373289,0.089119,3056.2645495319493,3410.6,4047
245,51.411709,0.113374,51.373289,0.089119,3081.7654541459374,3266,4309.6
246,51.419098,0.075533,51.373289,0.089119,3096.771264698213,3617.6,4309.4
247,51.363441,0.110437,51.373289,0.089119,3101.396744761517,3333,3607.4
248,51.38678,0.079373,51.373289,0.089119,3136.2287539417225,3377,3764.7
249,51.378707,0.099396,51.373289,0.089119,3172.4299543107336,3329,3530.7
250,51.393375,0.071298,51.373289,0.089119,3172.7600109217624,3447.7,3889.8
251,51.384917,0.082606,51.373289,0.089119,3187.530313681679,3321.1,3764.7
252,51.362212,0.091756,51.373289,0.089119,3203.2214924407926,3262.4,3468.3
253,51.384008,0.078137,51.373289,0.089119,3215.62126978496,3294.4,3601.2
254,51.38334,0.116198,51.373289,0.089119,3283.1596329709673,3536.9,3976.8
255,51.429169,0.105327,51.373289,0.089119,3311.4961192674436,3552.1,4376.4
256,51.421269,0.067668,51.373289,0.089119,3328.0299835472742,3478.4,4127.4
257,51.359444,0.085241,51.373289,0.089119,3331.2464471732733,3506.9,3794.6
258,51.377192,0.083283,51.373289,0.089119,3336.2461383808263,3446,3656.8
259,51.405974,0.064899,51.373289,0.089119,3337.1400899487508,3406,4308.6
260,51.407665,0.057023,51.373289,0.089119,3362.685750011598,3561.4,4308.6
261,51.362608,0.097022,51.373289,0.089119,3371.9956921883518,3507.4,3762.3
262,51.377192,0.083283,51.373289,0.089119,3372.796647084845,3446,3656.8
263,51.387265,0.089019,51.373289,0.089119,3455.2361326403766,3515.1,3846.8
264,51.377208,0.078399,51.373289,0.089119,3456.754663991343,3556.6,3795.7
265,51.402296,0.109148,51.373289,0.089119,3460.549973098389,3519.6,4074.3
266,51.377208,0.078399,51.373289,0.089119,3481.030778946124,3556.6,3795.7
267,51.415646,0.053651,51.373289,0.089119,3483.653773700191,3962.2,4929.3
268,51.539407,-0.143418,51.373289,0.089119,3497.452384003445,-1.0,-1.0
269,51.312788,0.031036,51.373289,0.089119,3507.187469304895,3997.8,5209.8
270,51.425789,0.098969,51.373289,0.089119,3510.904613416317,4106.7,4912.6
271,51.363579,0.098549,51.373289,0.089119,3519.291798806781,3689.4,3892.7
272,51.353215,0.095823,51.373289,0.089119,3523.8679417573217,3740.1,4112.6
273,51.36714,0.120211,51.373289,0.089119,3530.686997515853,3755.3,4116.1
274,51.426309,0.090386,51.373289,0.089119,3551.629809660959,4088.3,5194.5
275,51.392836,0.096084,51.373289,0.089119,3559.469458324962,3810.3,4268.5
276,51.429247,0.107863,51.373289,0.089119,3572.8189396419484,-1.0,-1.0
277,51.409062,0.062033,51.373289,0.089119,3627.816247726825,3671.5,4308.6
278,51.372859,0.1031,51.373289,0.089119,3628.0715878103565,3731.9,3884.9
279,51.372546,0.087542,51.373289,0.089119,3630.376090020853,3666.7,3764.7
280,51.434171,0.003511,51.373289,0.089119,3634.666383551243,-1.0,-1.0
281,51.306543,0.046027,51.373289,0.089119,3658.596113549787,4124.6,5209.8
282,51.359199,0.085731,51.373289,0.089119,3676.7406230126076,3848.4,4131.6
283,51.422627,0.107933,51.373289,0.089119,3682.583480866338,3987.7,4912.6
284,51.425789,0.099036,51.373289,0.089119,3698.291298958674,4106.7,4912.6
285,51.304181,0.039261,51.373289,0.089119,3707.8097329022908,-1.0,-1.0
286,51.383163,0.081111,51.373289,0.089119,3727.911704542657,3824,4155
287,51.383163,0.081111,51.373289,0.089119,3737.986744772211,3824,4155
288,51.393442,0.034359,51.373289,0.089119,3738.706737908207,4204.2,4996.7
289,51.361702,0.097327,51.373289,0.089119,3782.4015295175,4074.9,4413.8
290,51.405776,0.094894,51.373289,0.089119,3818.25965187782,4039.6,4804.9
291,51.434171,0.003511,51.373289,0.089119,3820.822795353735,-1.0,-1.0
292,51.539407,-0.143418,51.373289,0.089119,3823.1250571834657,-1.0,-1.0
293,51.429169,0.105327,51.373289,0.089119,3842.3772968071526,4263.7,5194.5
294,51.363602,0.096649,51.373289,0.089119,3843.451376307593,4018.1,4301.3
295,51.519177,-0.075655,51.373289,0.089119,3843.883889998346,-1.0,-1.0
296,51.425789,0.099036,51.373289,0.089119,3866.894333178667,4106.7,4912.6
297,51.412201,0.046528,51.373289,0.089119,3877.1416389888427,4138.6,4929.3
298,51.377739,0.116504,51.373289,0.089119,3892.685742436038,4039.7,4419.4
299,51.402296,0.109148,51.373289,0.089119,3896.9981390666094,4168.7,4942.4
300,51.397221,0.046395,51.373289,0.089119,3897.780863796961,4087.9,4996.7
301,51.408582,0.058203,51.373289,0.089119,3932.9683141025416,4138.8,5003
302,51.393921,0.105288,51.373289,0.089119,3933.9929136634805,4133.4,4631.6
303,51.362608,0.097022,51.373289,0.089119,3954.9518113662893,3990.1,4301.3
304,51.402296,0.109148,51.373289,0.089119,3968.065315672011,4168.7,4942.4
305,51.415646,0.053651,51.373289,0.089119,3968.1423194708586,4012.9,4929.3
306,51.387122,0.078479,51.373289,0.089119,3973.17191774643,4137.1,4496.9
307,51.366122,0.100181,51.373289,0.089119,3979.3743532193425,4167.7,4369.9
308,51.359077,0.110302,51.373289,0.089119,3989.945401395901,4196.3,4557.7
309,51.390368,0.069627,51.373289,0.089119,4036.6502832131355,4240.8,4651.3
310,51.387122,0.078479,51.373289,0.089119,4038.7755337583735,4137.1,4496.9
311,51.36379,0.095382,51.373289,0.089119,4048.9411438161114,4066,4301.3
312,51.359077,0.110302,51.373289,0.089119,4061.115801515924,4196.3,4557.7
313,51.359444,0.085241,51.373289,0.089119,4078.5891054608564,4190.8,4482.1
314,51.393921,0.105288,51.373289,0.089119,4079.968239665354,4133.4,4631.6
315,51.539407,-0.143418,51.373289,0.089119,4096.32881043523,-1.0,-1.0
316,51.386313,0.045252,51.373289,0.089119,4099.92459569089,4440.1,5084.9
317,51.387265,0.089019,51.373289,0.089119,4100.219515629772,4162.9,4493
318,51.340601,0.110805,51.373289,0.089119,4110.82740748046,4500.1,5208.4
319,51.393125,0.075682,51.373289,0.089119,4114.660511099219,4344.3,4783.5
320,51.405966,0.064753,51.373289,0.089119,4126.34484956541,4308.8,5003
321,51.407665,0.057023,51.373289,0.089119,4129.491941585128,4166.9,5003
322,51.363602,0.096649,51.373289,0.089119,4138.344734894654,4160.2,4413.8
323,51.369122,0.063625,51.373289,0.089119,4149.937895562792,4387.4,4713.1
324,51.383163,0.081111,51.373289,0.089119,4180.336855762887,4306.2,4636
