131,51.411259,0.054505,51.373289,0.089119,602.146765035737,805.5,1661.5
132,51.382804,0.058775,51.373289,0.089119,608.7148124838694,713.1,1303.5
133,51.312788,0.031036,51.373289,0.089119,613.1560243460552,1161.8,2164.9
134,51.395508,0.096271,51.373289,0.089119,619.3611171512225,958.2,1642.5
135,51.377957,0.111321,51.373289,0.089119,624.2449571834071,726.8,1271.7
136,51.393354,0.125955,51.373289,0.089119,629.2846370054342,1014.7,1763.8
137,51.407665,0.057023,51.373289,0.089119,640.7135188864344,686.8,1663.9
138,51.392918,0.032157,51.373289,0.089119,641.1292756414579,810.6,1636.9
139,51.306543,0.046027,51.373289,0.089119,654.7897728559757,1009.9,2164.9
140,51.361349,0.064287,51.373289,0.089119,657.6494675806148,759.9,1055.2
141,51.362212,0.091756,51.373289,0.089119,662.4914888846367,810,1014
142,51.363608,0.098554,51.373289,0.089119,672.8385227340169,714.1,919.4
143,51.406061,0.092701,51.426083,0.102051,673.4640303369762,893.6,1474.3
144,51.374059,0.0399,51.373289,0.089119,680.96473048315,1023.9,1544.8
145,51.362651,0.083601,51.373289,0.089119,689.5638017278616,765.3,1022.2
146,51.389245,0.069895,51.373289,0.089119,693.6303736444731,834.5,1307.1
147,51.305445,0.020836,51.373289,0.089119,696.937411715266,-1.0,-1.0
148,51.393921,0.105288,51.373289,0.089119,697.5219899176947,959.5,1589.2
149,51.306543,0.046027,51.373289,0.089119,702.2082782079754,1155.4,2330.1
150,51.359077,0.110302,51.373289,0.089119,704.4035480354104,745.4,1107.7
151,51.378707,0.099396,51.373289,0.089119,704.9848242761576,860.5,1058.9
152,51.371216,0.120965,51.373289,0.089119,707.7773104701945,999.8,1394.2
153,51.360806,0.10564,51.373289,0.089119,714.3243004393661,949.7,1312.8
154,51.387191,0.114103,51.366065,0.055464,724.4518252092739,872.3,1652.1
155,51.304739,0.021725,51.316095,0.044692,725.8037089173006,-1.0,-1.0
156,51.390716,0.105521,51.396915,0.106306,729.8753983047862,1075.6,1348.3
157,51.389666,0.120895,51.362571,0.095189,731.4369386590216,1219.7,1790.8
158,51.305445,0.020836,51.373289,0.089119,732.2866738623305,-1.0,-1.0
159,51.360806,0.10564,51.373289,0.089119,733.6981818670752,949.7,1312.8
160,51.37176,0.056793,51.373289,0.089119,734.6079054653873,964.2,1399.9
161,51.395533,0.12514,51.386682,0.0346,735.6530237646434,1299.7,2212.9
162,51.35808,0.090973,51.373289,0.089119,736.1653288937347,832.9,1112.8
163,51.376235,0.122352,51.373289,0.089119,738.3565669294333,1127.5,1749.4
164,51.36714,0.120211,51.373289,0.089119,741.8116890214624,1026.7,1387
165,51.394739,0.075845,51.373289,0.089119,755.6742024616403,1078,1712.8
166,51.391474,0.048143,51.373289,0.089119,758.8110409832677,807.6,1377.8
167,51.377739,0.116504,51.373289,0.089119,763.9440778432665,898.8,1271.7
168,51.400292,0.10827,51.41914,0.072061,767.6612472738062,941,1348.9
169,51.359444,0.085241,51.373289,0.089119,769.4040103912317,1016.9,1304.6
170,51.377192,0.083283,51.373289,0.089119,771.2874315231629,862.6,1081.7
171,51.392592,0.0835,51.373289,0.089119,773.8290173047377,1033.6,1566.5
172,51.4096,0.053079,51.373289,0.089119,778.0094306526845,878.4,1661.5
173,51.387122,0.078479,51.373289,0.089119,785.699013959886,946.2,1307.1
174,51.377957,0.111321,51.373289,0.089119,791.1217037394622,828.2,1271.7
175,51.36352,0.098566,51.373289,0.089119,792.872955933842,930.0,1134
176,51.423588,0.109037,51.373289,0.089119,798.6210750296932,987.4,2148.3
177,51.386154,0.060555,51.373289,0.089119,804.1921687522673,1005.1,1513.4
178,51.365635,0.098214,51.373289,0.089119,804.2251631785749,945.6,1206.3
179,51.332266,0.024189,51.373289,0.089119,805.661311152913,1266.3,2095.1
180,51.30615,0.042296,51.373289,0.089119,807.2921646716684,1218.8,2330.1
181,51.393354,0.125955,51.373289,0.089119,807.9560843504493,1014.7,1763.8
182,51.374951,0.014687,51.373289,0.089119,809.1439921280347,1278.2,1915.3
183,51.359077,0.110302,51.373289,0.089119,815.6101445050756,935.3,1291.5
184,51.372613,0.016006,51.373289,0.089119,816.972665964365,1221.8,1915.3
185,51.362913,0.069291,51.377894,0.101348,822.8454876546646,1109.3,1482.7
186,51.363579,0.098549,51.373289,0.089119,823.9235912043603,929.4,1134
187,51.367592,0.072076,51.373289,0.089119,830.1148044998247,1017,1317.3
188,51.394784,0.123207,51.373289,0.089119,833.8657897774524,1008.5,1619.1
189,51.360806,0.10564,51.373289,0.089119,834.9219094209028,949.7,1312.8
190,51.394819,0.121873,51.373289,0.089119,841.1987929899663,1056,1619.1
191,51.400049,0.059786,51.373289,0.089119,847.3825728009176,994.8,1663.9
192,51.397793,0.09717,51.373289,0.089119,851.4248834540261,1041.3,1642.5
193,51.366691,0.082858,51.373289,0.089119,857.8974537321094,900.4,1055.2
194,51.397662,0.122674,51.418611,0.089081,861.7073600209305,1359.5,1882.4
195,51.367592,0.072076,51.373289,0.089119,862.6709975206686,1017,1317.3
196,51.361479,0.107549,51.373289,0.089119,863.5563940810249,985.6,1312.8
197,51.377739,0.116504,51.373289,0.089119,865.8050212328407,898.8,1271.7
198,51.377192,0.083283,51.373289,0.089119,869.3726676116693,875,1081.7
199,51.36318,0.109239,51.373289,0.089119,870.6657450500657,1144.2,1455.5
200,51.386181,0.070901,51.373289,0.089119,878.8801335995091,958.9,1425.3
201,51.410224,0.107669,51.407785,0.07365,880.7522830418402,1018.9,1386
202,51.406868,0.076718,51.373289,0.089119,882.5469721895244,1088.4,1661.5
203,51.35808,0.090973,51.373289,0.089119,883.4230255621258,1129.9,1481
204,51.371822,0.056715,51.373289,0.089119,887.9163596065033,964.1,1399.9
205,51.426309,0.090386,51.373289,0.089119,891.3051695836895,1112.6,2148.3
206,51.375793,0.107093,51.373289,0.089119,903.8072213590303,1042.8,1334.3
207,51.401677,0.108956,51.373289,0.089119,907.9460081486174,1283.8000000000002,1928.9
208,51.366122,0.100181,51.373289,0.089119,916.3008047914797,998.6,1206.3
209,51.383683,0.055719,51.373289,0.089119,928.604841147144,1051.7,1953.8
210,51.374059,0.0399,51.373289,0.089119,941.8244068716492,1023.9,1544.8
211,51.366122,0.100181,51.373289,0.089119,944.9471050152002,998.6,1206.3
212,51.363707,0.06882,51.373289,0.089119,951.7512026044155,1144.4,1683
213,51.386154,0.060555,51.373289,0.089119,952.4683451677504,1005.1,1513.4
214,51.371741,0.042793,51.373289,0.089119,961.8021437659565,1195.9,1724.2
215,51.37176,0.056793,51.373289,0.089119,964.3504384459429,1010.7,1399.9
216,51.353438,0.095622,51.373289,0.089119,964.7739001228024,1336.4,1705.4
217,51.386181,0.070901,51.373289,0.089119,972.5713693029871,1022,1425.3
218,51.401226,0.116967,51.373289,0.089119,975.9378164387731,1433.6,2038.4
219,51.387265,0.089019,51.373289,0.089119,983.966651005977,1156.3,1482.8
220,51.371822,0.056715,51.373289,0.089119,985.4109247056263,1010.6,1399.9
221,51.387592,0.114488,51.373289,0.089119,986.0989741694098,1170.8,1589.2
222,51.395508,0.096271,51.373289,0.089119,993.3732403163768,1119.5,1642.5
223,51.332266,0.024189,51.373289,0.089119,994.2161315235339,1266.3,2095.1
224,51.372859,0.1031,51.373289,0.089119,996.9977657069936,1059.3,1213
225,51.36318,0.109239,51.373289,0.089119,1008.1545119284596,1144.3,1455.5
226,51.372641,0.097814,51.373289,0.089119,1016.3677526738636,1030.2,1152.3
227,51.360806,0.10564,51.373289,0.089119,1016.7472642050986,1222.1,1532
228,51.384597,0.103294,51.416012,0.117947,1022.1290581412217,1271,1794.6
229,51.384597,0.103294,51.416012,0.117947,1022.5671555944359,1271,1794.6
230,51.312788,0.031036,51.373289,0.089119,1024.9049541280608,-1.0,-1.0
231,51.38678,0.079373,51.373289,0.089119,1031.727290157848,1128.6,1538.9
232,51.363707,0.06882,51.373289,0.089119,1032.0503548802742,1144.4,1683
233,51.371741,0.042793,51.373289,0.089119,1045.0812248713114,1195.9,1724.2
234,51.383258,0.08116,51.373289,0.089119,1050.2739106461722,1190.3,1534.9
235,51.387265,0.089019,51.373289,0.089119,1071.6230152197766,1156.3,1482.8
236,51.400292,0.10827,51.41914,0.072061,1073.3602444921828,1470.9,1880.4
237,51.35808,0.090973,51.373289,0.089119,1078.0576847934008,1129.9,1481
238,51.426655,0.09816,51.418592,0.103199,1081.2275113596763,1179.3,1356.9
239,51.359444,0.085241,51.373289,0.089119,1081.807005016725,1316.8,1604.5
240,51.385857,0.066954,51.373289,0.089119,1083.5174185209166,1364.7,1843.7
241,51.393375,0.071298,51.373289,0.089119,1085.3140834149435,1159.6,1712.8
242,51.332266,0.024189,51.373289,0.089119,1089.4142740700167,1266.3,2095.1
243,51.397793,0.09717,51.373289,0.089119,1089.4779546114837,1386.2,1940.2
244,51.378707,0.099396,51.373289,0.089119,1089.7845617146468,1194.6,1391.7
245,51.360806,0.10564,51.373289,0.089119,1089.8049519855085,1222.1,1532
246,51.391005,0.084979,51.373289,0.089119,1094.0237534508753,1164,1566.5
247,51.389245,0.069895,51.373289,0.089119,1096.9843203277699,1113.5,1513.4
248,51.359077,0.110302,51.373289,0.089119,1098.8612897893465,1367.3,1725.3
249,51.306689,0.036265,51.373289,0.089119,1100.620361038097,-1.0,-1.0
250,51.378707,0.099396,51.373289,0.089119,1110.6717159594334,1194.6,1391.7
251,51.392942,0.09599,51.362432,0.095065,1113.1185976987156,1382.2,2032.5
252,51.383163,0.081111,51.373289,0.089119,1115.0200095819755,1185.8,1534.9
253,51.384597,0.103294,51.416012,0.117947,1116.6604446811232,1271,1794.6
254,51.392027,0.111732,51.373289,0.089119,1123.790539090241,1225.1,1619.1
255,51.395508,0.096271,51.373289,0.089119,1124.2679112517437,1422,1944.2
256,51.384917,0.082606,51.373289,0.089119,1132.7550765768137,1197.8,1538.9
257,51.394739,0.075845,51.373289,0.089119,1134.530960755934,1242.3,1712.8
258,51.39042,0.069566,51.373289,0.089119,1139.525167703557,1224.4,1636.9
259,51.358061,0.09107,51.373289,0.089119,1141.942271968154,1201.7,1481
260,51.352513,0.091851,51.373289,0.089119,1143.2601008646711,1265.3,1705.4
261,51.394784,0.123207,51.373289,0.089119,1155.3085194266248,1578.5,2506.9
262,51.417305,0.115911,51.373289,0.089119,1159.2450938121297,1610.9,2271.7
263,51.387191,0.114103,51.366065,0.055464,1159.3549426612915,1189.7,1960.2
264,51.359444,0.085241,51.373289,0.089119,1164.2707683279618,1316.8,1604.5
265,51.389245,0.069895,51.373289,0.089119,1169.4930782926356,1377.7,1933.6
266,51.383175,0.080856,51.373289,0.089119,1173.6199499431525,1205.6,1534.9
267,51.36283,0.069857,51.373915,0.09662,1177.7559121948984,1290.7,1722.6
268,51.38334,0.116198,51.373289,0.089119,1187.4276722774912,1302.7,1763.8
269,51.362212,0.091756,51.373289,0.089119,1191.1696843392865,1343.5,1549.1
270,51.359077,0.110302,51.373289,0.089119,1191.4953958049641,1367.3,1725.3
271,51.38674,0.0711,51.373289,0.089119,1194.1303051413938,1294.8,1843.7
272,51.312317,0.035579,51.373289,0.089119,1203.5612036750033,-1.0,-1.0
273,51.386437,0.065909,51.373289,0.089119,1209.0639747229063,1377.9,1843.7
274,51.383856,0.117846,51.373289,0.089119,1210.1344723765837,1338.9,1763.8
275,51.369122,0.063625,51.373289,0.089119,1211.7984606348484,1345.6,1673.2
276,51.371741,0.042793,51.373289,0.089119,1212.0959839919383,1262,1724.2
277,51.422324,0.109729,51.373289,0.089119,1220.5980447452064,1545.6,2271.7
278,51.38495,0.062738,51.373289,0.089119,1222.4720943415289,1590.2,2361.4
279,51.395533,0.12514,51.386682,0.0346,1225.5706125947838,1299.8,2212.9
280,51.369122,0.063625,51.373289,0.089119,1225.8371849665236,1345.6,1673.2
281,51.361479,0.107549,51.373289,0.089119,1253.27454665289,1427,1908.4
282,51.38334,0.116198,51.373289,0.089119,1259.2778499488675,1466.9,2079.3
283,51.362898,0.108847,51.382471,0.045073,1259.7832448288548,1423.4,2189.6
284,51.359077,0.110302,51.373289,0.089119,1261.046392797087,1367.3,1725.3
285,51.362898,0.108847,51.382471,0.045073,1267.862777856817,1418.2,2183.1
286,51.408169,0.098927,51.373289,0.089119,1270.6289212221002,1592.9,2359.6
287,51.377739,0.116504,51.373289,0.089119,1272.8628439487627,1452.3,1851.8
288,51.397737,0.051201,51.373289,0.089119,1273.7358243571655,1877.8,2535
289,51.363602,0.096649,51.373289,0.089119,1278.328253083623,1443.2,1750.4
290,51.38593,0.101273,51.373289,0.089119,1281.5682667089334,1573.3,2048.2
291,51.376235,0.122352,51.373289,0.089119,1282.80539994355,1577.5,2151.7
292,51.314016,0.026048,51.369433,0.035627,1284.3370450486275,-1.0,-1.0
293,51.36714,0.120211,51.373289,0.089119,1289.7209309733498,1391.3,1749.4
294,51.358061,0.09107,51.373289,0.089119,1292.512338968415,1490,1883.9
295,51.37258,0.082055,51.376987,0.097059,1294.7818448726007,1332.5,1525.4
296,51.363475,0.098595,51.373289,0.089119,1301.7519940393836,1326.8,1532
297,51.36352,0.098566,51.373289,0.089119,1311.0142674068456,1326,1532
298,51.401677,0.108956,51.373289,0.089119,1312.0918429535602,1358.4,1928.9
299,51.36352,0.098566,51.373289,0.089119,1314.701020757604,1470,1674
300,51.393354,0.125955,51.373289,0.089119,1319.143971180588,1668.8,2303.9
301,51.367592,0.072076,51.373289,0.089119,1319.503444188618,1383.3,1683
302,51.36283,0.069857,51.373915,0.09662,1337.807549600397,1412.6,1722.6
303,51.371552,0.121628,51.376815,0.099875,1343.8463726886093,1682.6,2013.8
304,51.397793,0.09717,51.373289,0.089119,1348.9393783642695,1386.2,1940.2
305,51.361349,0.064287,51.373289,0.089119,1350.8839878330762,1597.9,1893.1
306,51.356958,0.138095,51.365711,0.059512,1357.5742899715372,1753.2,2503.1
307,51.392836,0.096084,51.373289,0.089119,1369.9473036679449,1380.3,1840
308,51.356958,0.138095,51.365711,0.059512,1373.3004604825487,1753.2,2503.1
309,51.304181,0.039261,51.373289,0.089119,1373.540087306405,-1.0,-1.0
310,51.391431,0.048291,51.373289,0.089119,1388.0825094614656,1861.6,2750.2
311,51.393354,0.125955,51.373289,0.089119,1389.3974690653342,1668.8,2303.9
312,51.391474,0.048143,51.373289,0.089119,1401.3317050199164,1863.2,2435
313,51.417305,0.115911,51.373289,0.089119,1406.8053840559223,1610.9,2271.7
314,51.38678,0.079373,51.373289,0.089119,1410.2109843140627,1514.8,1933.6
315,51.417305,0.115911,51.373289,0.089119,1417.8692787326609,1610.9,2271.7
316,51.371822,0.056715,51.373289,0.089119,1421.2797686687634,1699.8,2175.9
317,51.367544,0.096128,51.365274,0.064172,1423.2423759896058,1448.7,1776.3
318,51.411259,0.054505,51.373289,0.089119,1427.5373276795988,1553,2535
319,51.419111,0.075381,51.373289,0.089119,1427.7200537054969,2033.5,3042.7
320,51.393442,0.034359,51.373289,0.089119,1432.8934143287106,-1.0,-1.0
321,51.359077,0.110302,51.373289,0.089119,1434.328658438869,1550.7,1908.4
322,51.386313,0.045252,51.373289,0.089119,1434.5891634794184,2021.3,2750.2
323,51.384008,0.078137,51.373289,0.089119,1446.300187563926,1530.8,1843.7
324,51.389065,0.076755,51.407709,0.073591,1447.9515356364016,1795.4,2119.4
325,51.312317,0.035579,51.373289,0.089119,1451.264508900109,-1.0,-1.0
326,51.362608,0.097022,51.373289,0.089119,1456.6902960476436,1495,1750.4
327,51.383683,0.055719,51.373289,0.089119,1457.0313014353862,1722.1,2361.4
328,51.395533,0.12514,51.386682,0.0346,1464.0068041686263,1950.1,3203.5
329,51.359077,0.110302,51.373289,0.089119,1468.3712171460634,1550.7,1908.4
330,51.397737,0.051201,51.373289,0.089119,1468.3968454122512,1877.8,2535
331,51.383258,0.08116,51.373289,0.089119,1470.0707872872404,1732.8,2296.3
332,51.361702,0.097327,51.373289,0.089119,1473.5890245769292,1668.1,1981.6
333,51.354854,0.101794,51.373289,0.089119,1489.133259554903,1781.1,2417.5
334,51.359199,0.085731,51.373289,0.089119,1491.5692151446342,1673.4,1952.5
335,51.387122,0.078479,51.373289,0.089119,1497.1895249332365,1538.6,1933.6
336,51.377957,0.111321,51.373289,0.089119,1506.7232524605788,1549.4,1851.8
337,51.366122,0.100181,51.373289,0.089119,1510.7752001949257,1626.2,1834.1
338,51.384008,0.078137,51.373289,0.089119,1538.4931703851535,1737.8,2146.8
339,51.383683,0.055719,51.373289,0.089119,1538.952171356931,1722.1,2361.4
340,51.363602,0.096649,51.373289,0.089119,1544.397267169739,1601,1981.6
341,51.36379,0.095382,51.373289,0.089119,1545.20257167137,1647.5,1883.9
342,51.387278,0.089104,51.373289,0.089119,1546.3993144693293,1608.9,1940.2
343,51.405966,0.064753,51.373289,0.089119,1546.4974691943025,2098.6,3168.6
344,51.411862,0.105866,51.362488,0.095046,1550.0279687295176,2035.7,3082
345,51.387592,0.114488,51.373289,0.089119,1551.3036953993349,1637.1,2079.3
346,51.30615,0.042296,51.373289,0.089119,1555.1924559659794,-1.0,-1.0
347,51.423588,0.109037,51.373289,0.089119,1556.239865486107,1893.2,3215.2
348,51.362667,0.083672,51.373289,0.089119,1559.1862362734948,1629.4,1888.7
349,51.384597,0.103294,51.416012,0.117947,1563.0446512089638,1833.2,2358.6
350,51.356958,0.138095,51.365711,0.059512,1573.161978607103,1753.2,2503.1
351,51.376122,0.017745,51.373289,0.089119,1575.9476995472833,2240.4,2838
352,51.36379,0.095382,51.373289,0.089119,1578.4441079381936,1647.5,1883.9
353,51.359176,0.085596,51.36659,0.066972,1580.1743972977883,1807.4,2133.2
354,51.384008,0.078137,51.373289,0.089119,1588.7071737472504,1737.8,2146.8
355,51.371822,0.056715,51.373289,0.089119,1596.8725391478026,1699.8,2175.9
356,51.372859,0.1031,51.373289,0.089119,1597.3486827631632,1689.3,1843
357,51.373184,0.065185,51.375196,0.098807,1598.7702793142116,1794.3,2196.7
358,51.381592,0.103512,51.373289,0.089119,1600.9066586925114,1812.3,2116.6
359,51.387278,0.089104,51.373289,0.089119,1601.1542613812237,1646.9,1981.4
360,51.391474,0.048143,51.373289,0.089119,1602.7453379022263,1863.2,2435
361,51.423287,0.062658,51.373289,0.089119,1604.2583745567717,2120.7999999999997,2999.6
362,51.372859,0.1031,51.373289,0.089119,1607.458150101505,1689.3,1843
363,51.312317,0.035579,51.373289,0.089119,1609.1265365057452,-1.0,-1.0
364,51.36318,0.109239,51.373289,0.089119,1609.7510762130669,1858.2,2165.8
365,51.387278,0.089104,51.373289,0.089119,1611.3739673514124,1646.9,1981.4
366,51.36714,0.120211,51.373289,0.089119,1613.3786010222998,1895.3,2469
367,51.362882,0.108944,51.367496,0.076858,1613.610317589246,1898.3,2311.9
368,51.308226,0.037141,51.373289,0.089119,1615.1423437152455,-1.0,-1.0
369,51.360921,0.075825,51.386599,0.034845,1616.3605616654709,1986.6,2493.1
370,51.376235,0.122352,51.373289,0.089119,1622.7838678639414,1725.6,2151.7
371,51.387592,0.114488,51.373289,0.089119,1624.2038509478348,1656.8,2079.3
372,51.411243,0.054439,51.373289,0.089119,1625.461487474693,2177.1,2887.9
373,51.308226,0.037141,51.373289,0.089119,1628.767428432867,-1.0,-1.0
374,51.374059,0.0399,51.373289,0.089119,1638.675976898963,2212.9,2786
375,51.371552,0.121628,51.376815,0.099875,1652.587542815128,1682.6,2013.8
376,51.386778,0.07701,51.373289,0.089119,1660.6056972505355,1770.7,2146.8
377,51.387278,0.089104,51.373289,0.089119,1661.1556960388718,1827.2,2223.4
378,51.379202,0.101517,51.373289,0.089119,1666.8256012347952,1771.8,2038.4
379,51.36379,0.095382,51.373289,0.089119,1668.9010925651132,1746.5,1981.6
380,51.384597,0.103294,51.416012,0.117947,1672.0813518670514,1833.2,2358.6
381,51.38495,0.062738,51.373289,0.089119,1673.4957634053503,1862.9,2361.4
382,51.36352,0.098566,51.373289,0.089119,1681.0627201845095,1875.7,2080.9
383,51.377192,0.083283,51.373289,0.089119,1684.309953921128,1851.6,2064.9
384,51.393125,0.075682,51.373289,0.089119,1684.59357956621,1926.3,2359.6
385,51.401677,0.108956,51.373289,0.089119,1687.0760350879093,1866.1,2506.9
386,51.394784,0.123207,51.373289,0.089119,1689.6486846783544,1881.9,2556.3
387,51.387122,0.078479,51.373289,0.089119,1692.5555932187715,1785.5,2146.8
388,51.362882,0.108944,51.367496,0.076858,1701.4264199072666,1898.3,2311.9
389,51.362913,0.069291,51.377894,0.101348,1705.6274307299134,1978.3,2351.8
390,51.360806,0.10564,51.373289,0.089119,1706.1042663773258,1945.1,2241
391,51.360806,0.10564,51.373289,0.089119,1707.887351371791,1945.1,2241
392,51.372641,0.097814,51.373289,0.089119,1710.0099623953677,1769.7,1891.4
393,51.420579,0.061099,51.373289,0.089119,1710.9947982472097,2180.9,2999.6
394,51.369122,0.063625,51.373289,0.089119,1721.2068629057965,1847.2,2175.9
395,51.308226,0.037141,51.373289,0.089119,1722.6269906456125,-1.0,-1.0
396,51.392692,0.076061,51.373289,0.089119,1739.208930983477,1929.2,2359.6
397,51.363602,0.096649,51.373289,0.089119,1745.3011724946537,1923,2211.1
398,51.387122,0.078479,51.373289,0.089119,1749.4668932886823,1880.6,2296.3
399,51.38495,0.062738,51.373289,0.089119,1751.2831938655631,2153.9,2894.7
400,51.374262,0.105042,51.373289,0.089119,1751.4636962553452,1960.9,2196.3
401,51.387592,0.114488,51.373289,0.089119,1752.6710701751094,1881,2303.9
402,51.374262,0.105042,51.373289,0.089119,1753.7818657637688,1960.9,2196.3
403,51.381592,0.103512,51.373289,0.089119,1759.1665683855435,1812.3,2116.6
404,51.332266,0.024189,51.373289,0.089119,1768.3602403879001,-1.0,-1.0
405,51.387278,0.089104,51.373289,0.089119,1771.1370844954351,1827.2,2223.4
406,51.365635,0.098214,51.373289,0.089119,1778.2723577330348,1836.3,2080.9
407,51.369122,0.063625,51.373289,0.089119,1801.0222797596225,1847.2,2175.9
408,51.405671,0.048299,51.373289,0.089119,1804.2503076931253,2361.6,3159.8
409,51.36352,0.098566,51.373289,0.089119,1809.0147721552758,1875.7,2080.9
410,51.369122,0.063625,51.373289,0.089119,1809.8791216222564,2016.1,2457.1
411,51.361702,0.097327,51.373289,0.089119,1811.1267707984928,1970.9,2397.1
412,51.435428,0.115935,51.373289,0.089119,1815.0321307676247,2288.5,3215.2
413,51.38334,0.116198,51.373289,0.089119,1817.2739147092293,2126.9,2593.1
414,51.38678,0.079373,51.373289,0.089119,1820.0171212863406,1910.2,2296.3
415,51.359077,0.110302,51.373289,0.089119,1824.3969944214477,1941.4,2417.5
416,51.396677,0.113421,51.375202,0.099462,1826.017751537726,2008,2318.1
417,51.387265,0.089019,51.373289,0.089119,1831.559117509149,1889.7,2223.4
418,51.393354,0.125955,51.373289,0.089119,1838.562294266565,2368,2978.2
419,51.38334,0.116198,51.373289,0.089119,1842.709884706705,2126.9,2593.1
420,51.373184,0.065185,51.375196,0.098807,1846.9232699126653,1924.3,2196.7
421,51.419125,0.07225,51.400319,0.108353,1855.6424847045248,1882.2,2611.5
422,51.374059,0.0399,51.373289,0.089119,1856.950103893826,2212.9,2786
423,51.374951,0.014687,51.373289,0.089119,1860.7519222674503,2321.8,3180.4
424,51.369828,0.089962,51.373289,0.089119,1860.8707177409078,1972.8,2122.3
425,51.429857,0.084437,51.373289,0.089119,1861.6018713284045,2034.6,3215.2
426,51.305445,0.020836,51.373289,0.089119,1864.5871854834772,-1.0,-1.0
427,51.392918,0.032157,51.373289,0.089119,1867.453878783543,2051.6,2925.3
428,51.371216,0.120965,51.373289,0.089119,1869.7278718787156,2070.3,2469
429,51.393921,0.105288,51.373289,0.089119,1870.1864321533988,2305.9,2935.8
430,51.360806,0.10564,51.373289,0.089119,1895.2701074578952,1945.1,2241
431,51.421544,0.060143,51.382413,0.045041,1901.3946727526722,2476.8,3024.8
432,51.312317,0.035579,51.373289,0.089119,1902.2991518476715,-1.0,-1.0
433,51.36975,0.081367,51.373289,0.089119,1905.0525695407505,1984.3,2164.1
434,51.422627,0.107933,51.373289,0.089119,1908.6894747003,2491.2,3471.6
435,51.376235,0.122352,51.373289,0.089119,1909.159628014091,2284.6,2743.7
436,51.362608,0.097022,51.373289,0.089119,1910.4519866100893,1953.9,2211.1
437,51.362212,0.091756,51.373289,0.089119,1912.224414259315,1980.3,2267.3
438,51.360806,0.10564,51.373289,0.089119,1912.3673949687748,1945.1,2241
439,51.421226,0.067638,51.373289,0.089119,1917.789273071042,2256.4,2999.6
440,51.363475,0.098595,51.373289,0.089119,1919.8730344116366,2070.8,2275.8
441,51.38334,0.116198,51.373289,0.089119,1922.1535017792787,2126.9,2593.1
442,51.421544,0.060143,51.382413,0.045041,1926.3340612547352,2476.8,3024.8
443,51.384008,0.078137,51.373289,0.089119,1929.5651489006714,1987,2296.3
444,51.426309,0.090386,51.373289,0.089119,1936.259785909766,-1.0,-1.0
445,51.358061,0.09107,51.373289,0.089119,1940.589588097278,2210,2491.2
446,51.365635,0.098214,51.373289,0.089119,1957.5234184584656,2115.6,2300.3
447,51.391005,0.084979,51.373289,0.089119,1976.1909128262585,2244.8,2802.6
448,51.313766,0.024346,51.373289,0.089119,1991.9619698759745,-1.0,-1.0
449,51.418051,0.077129,51.373289,0.089119,1993.5984389555788,2535,3523.2
450,51.354732,0.101482,51.377414,0.100986,1994.4086067471067,2206.2,2742.3
451,51.362212,0.091756,51.373289,0.089119,1995.0745428814828,2061,2267.3
452,51.353215,0.095823,51.373289,0.089119,2000.706495349409,2319.1,2691.4
453,51.392836,0.096084,51.373289,0.089119,2002.7111010647664,2321.8,2797.9
454,51.423164,0.061406,51.407703,0.073603,2005.083178573989,2109.6,2424.7
455,51.426256,0.109774,51.373289,0.089119,2005.7138862717175,2566.3,3471.6
456,51.363579,0.098549,51.373289,0.089119,2008.4302978446926,2069.4,2275.8
457,51.387278,0.089104,51.373289,0.089119,2010.1533802811703,2266.9,2593.4
458,51.397793,0.09717,51.373289,0.089119,2018.4630963165057,2551.1,3154.2
459,51.36975,0.081367,51.373289,0.089119,2022.8520798214206,2103.1,2283.1
460,51.36714,0.120211,51.373289,0.089119,2027.2388044635436,2342.1,2695.6
461,51.36352,0.098566,51.373289,0.089119,2030.6262790109577,2070.0,2275.8
462,51.377208,0.078399,51.373289,0.089119,2031.3424870818892,2116.6,2355.3
463,51.361702,0.097327,51.373289,0.089119,2034.293200576477,2095.2,2397.1
464,51.36318,0.109239,51.373289,0.089119,2036.8338946167419,2106.2,2417.5
465,51.391431,0.048291,51.373289,0.089119,2040.204367851112,2178.8,2750.2
466,51.383856,0.117846,51.373289,0.089119,2045.703898029274,2163.7,2593.1
467,51.369122,0.063625,51.373289,0.089119,2055.1774982766847,2131,2457.1
468,51.356958,0.138095,51.365711,0.059512,2059.8094893282705,2440.4,3191.7
469,51.395533,0.12514,51.386682,0.0346,2061.413972096162,2586.6,3953.4
470,51.371552,0.121628,51.376815,0.099875,2067.1168476836374,2077.7000000000003,2621.1
471,51.353438,0.095622,51.373289,0.089119,2071.261446958086,2314.6,2691.4
472,51.363602,0.096649,51.373289,0.089119,2080.1679308472003,2179.6,2466.1
473,51.383163,0.081111,51.373289,0.089119,2082.839537876984,2261.9,2657.6
474,51.37245,0.084292,51.378905,0.100827,2083.1096617130675,2129,2338.2
475,51.393354,0.125955,51.373289,0.089119,2085.3912204815147,2368,2978.2
476,51.386154,0.060555,51.373289,0.089119,2090.6401844564493,2249.2,2894.7
477,51.352513,0.091851,51.373289,0.089119,2090.66742830146,2318.4,2655.1
478,51.305445,0.020836,51.373289,0.089119,2095.240474187066,-1.0,-1.0
479,51.421544,0.060143,51.382413,0.045041,2124.669261456729,2476.8,3024.8
480,51.377739,0.116504,51.373289,0.089119,2128.9446001937745,2376.3,2743.7
481,51.378707,0.099396,51.373289,0.089119,2131.6303095801554,2260.7,2458.3
482,51.386313,0.045252,51.373289,0.089119,2133.97469837563,2253.8,3107.5
483,51.387417,0.03888,51.373289,0.089119,2144.322662571158,2224.4,2925.3
484,51.363707,0.06882,51.373289,0.089119,2144.3969401973045,2314.5,2733.5
485,51.403993,0.110542,51.373289,0.089119,2146.0310839250824,2337.4,2891.1
486,51.305112,0.020112,51.392665,0.034982,2150.3190850318383,-1.0,-1.0
487,51.392592,0.0835,51.373289,0.089119,2155.3695153122826,2355.3,2802.6
488,51.394739,0.075845,51.373289,0.089119,2155.5164483439585,2534.9,3034
489,51.374059,0.0399,51.373289,0.089119,2158.4929329096,2212.9,2786
490,51.375793,0.107093,51.373289,0.089119,2158.9079912034676,2405.2,2916.3
491,51.409062,0.062033,51.373289,0.089119,2159.8847802999876,2249.8,2887.9
492,51.396666,0.103044,51.374848,0.115339,2162.8817485026725,2611.3,3294.4
493,51.384597,0.103294,51.416012,0.117947,2164.5640189035025,2407.9,2955.1
494,51.362608,0.097022,51.373289,0.089119,2165.2209531538188,2212,2466.1
495,51.389065,0.076755,51.407709,0.073591,2170.9630858389073,2456.7,2780.2
496,51.419111,0.075381,51.373289,0.089119,2173.557817177369,2350.6,3042.7
497,51.358061,0.09107,51.373289,0.089119,2183.029640732979,2210,2491.2
498,51.37176,0.056793,51.373289,0.089119,2189.1456423862755,2509.2,2963.5
499,51.371822,0.056715,51.373289,0.089119,2192.0174465142795,2509.1,2963.5
500,51.354747,0.101483,51.377317,0.100887,2197.85814488166,2231.5,2742.3
501,51.419125,0.07225,51.400319,0.108353,2211.2158093220564,2730,3425.2
502,51.371741,0.042793,51.373289,0.089119,2212.3128684636586,2328,2786
503,51.36318,0.109239,51.373289,0.089119,2221.404653084782,2473.2,2788.1
504,51.360806,0.10564,51.373289,0.089119,2224.5326330693165,2452.1,2819.1
505,51.384597,0.103294,51.416012,0.117947,2227.383583657347,2407.9,2955.1
506,51.383856,0.117846,51.373289,0.089119,2236.081993811534,2557.4,2985.1
507,51.312788,0.031036,51.373289,0.089119,2237.0462306300656,-1.0,-1.0
508,51.354854,0.101794,51.373289,0.089119,2238.0648172971905,2439.4,2909.6
509,51.372546,0.087542,51.373289,0.089119,2238.947080738112,2257.8,2355.3
510,51.311086,0.034008,51.373289,0.089119,2245.51365401922,-1.0,-1.0
511,51.377192,0.083283,51.373289,0.089119,2249.1403122679217,2332.8,2551.6
512,51.356958,0.138095,51.365711,0.059512,2253.6774934647433,2440.4,3191.7
513,51.312788,0.031036,51.373289,0.089119,2256.5347820772754,-1.0,-1.0
514,51.391005,0.084979,51.373289,0.089119,2257.075886395918,2485.7,3066.8
515,51.376122,0.017745,51.373289,0.089119,2258.258356439948,2281.1,3180.4
516,51.340601,0.110805,51.373289,0.089119,2270.8103456823155,2662.8,3179.3
517,51.383175,0.080856,51.373289,0.089119,2271.8227918237485,2297.6,2657.6
518,51.422627,0.107933,51.373289,0.089119,2272.633743356024,2491.2,3471.6
519,51.312317,0.035579,51.373289,0.089119,2282.0691844731464,-1.0,-1.0
520,51.361349,0.064287,51.373289,0.089119,2287.4473476437097,2438.3,2733.5
521,51.383258,0.08116,51.373289,0.089119,2289.759609995745,2324.1,2657.6
522,51.401226,0.116967,51.373289,0.089119,2300.2388885607274,2773.5,3640.9
523,51.312317,0.035579,51.373289,0.089119,2305.6928472462814,-1.0,-1.0
524,51.385857,0.066954,51.373289,0.089119,2307.004138594892,2454.8,2894.7
525,51.394739,0.075845,51.373289,0.089119,2309.991618480953,2534.9,3034
526,51.377192,0.083283,51.373289,0.089119,2310.4817444377404,2344.8,2551.6
527,51.395508,0.096271,51.373289,0.089119,2310.9806989801077,2470.7,3154.2
528,51.369569,0.093063,51.373289,0.089119,2321.086041744614,2391.4,2504.9
529,51.36714,0.120211,51.373289,0.089119,2321.512332598674,2342.1,2695.6
530,51.38495,0.062738,51.373289,0.089119,2321.9961123424746,2391.3,2894.7
531,51.384597,0.103294,51.416012,0.117947,2326.213683415452,2407.9,2955.1
532,51.377192,0.083283,51.373289,0.089119,2329.4529430202056,2344.8,2551.6
533,51.368284,0.082987,51.373289,0.089119,2333.2967448587624,2377.2,2573.2
534,51.407665,0.057023,51.373289,0.089119,2339.034119630163,2480.1,3159.8
535,51.38334,0.116198,51.373289,0.089119,2343.8918636514713,2606.9,3095.9
536,51.366691,0.082858,51.373289,0.089119,2346.5493256869704,2416.7,2573.2
537,51.359077,0.110302,51.373289,0.089119,2346.814666158176,2557.5,3034.3
538,51.386437,0.065909,51.373289,0.089119,2347.9718625244986,2539.7,2987.9
539,51.385857,0.066954,51.373289,0.089119,2350.8157518587955,2552.9,2987.9
540,51.36318,0.109239,51.373289,0.089119,2353.143046087144,2473.2999999999997,2788.1
541,51.379202,0.101517,51.373289,0.089119,2356.2779295798327,2515,2803.4
542,51.387592,0.114488,51.373289,0.089119,2359.0783333648073,2514.7,2935.8
543,51.386154,0.060555,51.373289,0.089119,2360.960830811895,2500.2,3107.5
544,51.311086,0.034008,51.373289,0.089119,2361.4338102630163,-1.0,-1.0
545,51.400292,0.10827,51.41914,0.072061,2363.083216642903,2827.6,3364.5
546,51.387265,0.089019,51.373289,0.089119,2371.0015011283904,2466.8,2797.9
547,51.397793,0.09717,51.373289,0.089119,2385.186009102145,2551.1,3154.2
548,51.376039,0.05006,51.365337,0.064251,2389.900938252407,2816.2,3226
549,51.362667,0.083672,51.373289,0.089119,2390.020785814722,2474.8,2731.5
550,51.362608,0.097022,51.373289,0.089119,2398.162901174117,2537,2792
551,51.368284,0.082987,51.373289,0.089119,2401.235643952272,2465.7,2644.9
552,51.409062,0.062033,51.373289,0.089119,2408.310044886411,2523.3,3159.8
553,51.387592,0.114488,51.373289,0.089119,2410.739427520108,2514.7,2935.8
554,51.375015,0.014733,51.373289,0.089119,2414.7350575081377,2545.4,3180.4
555,51.400049,0.059786,51.373289,0.089119,2426.580551880668,2872.1,3529
556,51.375793,0.107093,51.373289,0.089119,2431.9874037264194,2520.7,2916.3
557,51.387592,0.114488,51.373289,0.089119,2433.5967930018737,2514.7,2935.8
558,51.398217,0.058386,51.373092,0.087254,2433.715593216424,2917.1,3744
559,51.365635,0.098214,51.373289,0.089119,2440.2029119939325,2598.5,2910.9
560,51.39042,0.069566,51.373289,0.089119,2445.903273130982,2511.3,2925.3
561,51.36318,0.109239,51.373289,0.089119,2459.6496319637245,2473.3999999999996,2788.1
562,51.360806,0.10564,51.373289,0.089119,2460.852526363562,2527.5,2819.1
563,51.30615,0.042296,51.373289,0.089119,2476.049615301112,-1.0,-1.0
564,51.363608,0.098554,51.373289,0.089119,2478.420693118157,2616.1,2819.1
565,51.372859,0.1031,51.373289,0.089119,2480.7397204123204,2542.7,2695.6
566,51.374059,0.0399,51.373289,0.089119,2484.2300809384046,2767.4,3292.9
567,51.384917,0.082606,51.373289,0.089119,2488.5410688802663,2694.6,3038.1
568,51.395508,0.096271,51.373289,0.089119,2490.741387854308,2629,3154.2
569,51.36975,0.081367,51.373289,0.089119,2494.7414471640295,2581.5,2761.3
570,51.377957,0.111321,51.373289,0.089119,2501.9826285053405,2604.9,2916.3
571,51.369122,0.063625,51.373289,0.089119,2513.3204297121024,2587.5,2912.3
572,51.383856,0.117846,51.373289,0.089119,2527.4668221545835,2557.4,2985.1
573,51.386154,0.060555,51.373289,0.089119,2528.5031995164823,2604.1,3107.5
574,51.369122,0.063625,51.373289,0.089119,2530.9972510905045,2587.5,2912.3
575,51.394739,0.075845,51.373289,0.089119,2531.5046890449794,2563.9,3034
576,51.353215,0.095823,51.373289,0.089119,2532.489393454822,2767.7,3166.1
577,51.371822,0.056715,51.373289,0.089119,2536.2389725641906,2579.4,2963.5
578,51.389729,0.092299,51.373289,0.089119,2548.4311650308264,2619.3,3066.8
579,51.361479,0.107549,51.373289,0.089119,2552.2747022842755,2684.2,3034.3
580,51.36714,0.120211,51.373289,0.089119,2556.61517449695,2765.3,3126.1
581,51.392592,0.0835,51.373289,0.089119,2566.2967757209244,2739.5,3188.9
582,51.391474,0.048143,51.373289,0.089119,2573.7743622591156,2881.5,3573.1
583,51.363782,0.107029,51.373289,0.089119,2579.8966676060627,2740.3,3034.3
584,51.366122,0.100181,51.373289,0.089119,2582.785239586004,2672,2910.9
585,51.397737,0.051201,51.373289,0.089119,2589.12131621364,2987.1,3830.6
586,51.389245,0.069895,51.373289,0.089119,2591.9388647555743,2712.1,3107.5
587,51.36714,0.120211,51.373289,0.089119,2601.4890843821167,2765.3,3126.1
588,51.372546,0.087542,51.373289,0.089119,2608.240409781704,2632.2,2726.7
589,51.304181,0.039261,51.373289,0.089119,2611.9237277338502,-1.0,-1.0
590,51.353215,0.095823,51.373289,0.089119,2618.6467228440224,2767.7,3166.1
591,51.359077,0.110302,51.373289,0.089119,2620.685971315207,2865.8,3262.1
592,51.306689,0.036265,51.373289,0.089119,2622.8010882834637,-1.0,-1.0
593,51.389729,0.092299,51.373289,0.089119,2625.3818260386106,2660.7,3066.8
594,51.383856,0.117846,51.373289,0.089119,2629.801356209351,2663.2,3095.9
595,51.361479,0.107549,51.373289,0.089119,2642.177778072211,2684.2,3034.3
596,51.361349,0.064287,51.373289,0.089119,2642.619170306525,2827.9,3243.5
597,51.391431,0.048291,51.373289,0.089119,2644.5832862305283,2880.2,3573.1
598,51.369122,0.063625,51.373289,0.089119,2644.920887232392,2845.8,3173.5
599,51.362212,0.091756,51.373289,0.089119,2651.1067572668335,2706,2909.6
600,51.363579,0.098549,51.373289,0.089119,2652.569799747255,2816.3,3043.3
601,51.377739,0.116504,51.373289,0.089119,2653.5485633578337,2903.1,3296.1
602,51.305445,0.020836,51.373289,0.089119,2653.933042078069,-1.0,-1.0
603,51.394739,0.075845,51.373289,0.089119,2662.691974051813,2894.6,3553.1
604,51.392592,0.0835,51.373289,0.089119,2663.754846867927,2739.5,3188.9
605,51.372641,0.097814,51.373289,0.089119,2664.8849512777942,2681.5,2803.4
606,51.396677,0.113421,51.375202,0.099462,2668.53992499498,2713.8,3027.2
607,51.365635,0.098214,51.373289,0.089119,2668.5934795504804,2723.6,2910.9
608,51.372613,0.016006,51.373289,0.089119,2680.615603856173,3197.3,3886.5
609,51.37258,0.082055,51.376987,0.097059,2688.0028938217106,2715,2906.9
610,51.386181,0.070901,51.373289,0.089119,2690.526599741622,2857.6,3326.9
611,51.359077,0.110302,51.373289,0.089119,2690.8302182126527,2865.8,3262.1
612,51.362667,0.083672,51.373289,0.089119,2702.5922248975658,2799.4,3058.7
613,51.392592,0.0835,51.373289,0.089119,2708.401626708998,2739.5,3188.9
614,51.392027,0.111732,51.373289,0.089119,2712.9501681314864,2772.6,3168.6
615,51.392991,0.054097,51.373289,0.089119,2715.134100949272,2753.5,3529
616,51.387417,0.03888,51.373289,0.089119,2723.1234289350723,3206.1,3862.5
617,51.406061,0.092701,51.426083,0.102051,2725.595394057453,2945.6,3636.4
618,51.374059,0.0399,51.373289,0.089119,2731.3553196853836,2767.4,3292.9
619,51.395508,0.096271,51.373289,0.089119,2734.505372145026,2975.8,3919.7
620,51.363475,0.098595,51.373289,0.089119,2740.1990976214615,2817.7000000000003,3043.3
621,51.383258,0.08116,51.373289,0.089119,2740.5052898291237,2953.5,3287.3
622,51.369122,0.063625,51.373289,0.089119,2745.9420334403458,2845.8,3173.5
623,51.392942,0.09599,51.362432,0.095065,2757.818660746029,3242.2,3773.1
624,51.382804,0.058775,51.373289,0.089119,2758.047219197361,3264.1,3835.4
625,51.387592,0.114488,51.373289,0.089119,2761.4264477027477,3047.5,3472.6
626,51.383856,0.117846,51.373289,0.089119,2763.2823151626626,3057.3,3553.1
627,51.394784,0.123207,51.373289,0.089119,2764.7809780957314,2996.6,3640.9
628,51.387122,0.078479,51.373289,0.089119,2769.743690937229,2967.3,3326.9
629,51.383683,0.055719,51.373289,0.089119,2770.931600364408,3334.3,3976.7
630,51.372859,0.1031,51.373289,0.089119,2774.106799716509,2889.3,3043
631,51.369122,0.063625,51.373289,0.089119,2781.6315764780766,2845.8,3173.5
632,51.371462,0.068718,51.373289,0.089119,2783.216487323372,3001.1,3272.6
633,51.402296,0.109148,51.373289,0.089119,2783.8936345372204,2916,3471.6
634,51.360806,0.10564,51.373289,0.089119,2784.906568301431,3022.1,3328.8
635,51.36318,0.109239,51.373289,0.089119,2785.3772220961423,3038.7,3349.4
636,51.365635,0.098214,51.373289,0.089119,2787.05203195829,2857.7,3043.3
637,51.378707,0.099396,51.373289,0.089119,2795.2231210076343,2967.4,3169.9
638,51.384597,0.103294,51.416012,0.117947,2802.5101900448326,3125.7,3649.6
639,51.406868,0.076718,51.373289,0.089119,2807.726794759606,2858.9,3732.8
640,51.411709,0.113374,51.373289,0.089119,2814.867010802192,2859.5,4350
641,51.419125,0.07225,51.400319,0.108353,2821.3909937324706,2959.1,3425.2
642,51.392991,0.054097,51.373289,0.089119,2829.7572507594095,2991.2,3529
643,51.332266,0.024189,51.373289,0.089119,2831.2843790985453,-1.0,-1.0
644,51.363441,0.110437,51.373289,0.089119,2837.14947295547,2982.9,3262.1
645,51.387122,0.078479,51.373289,0.089119,2839.5288145533373,2967.3,3326.9
646,51.363602,0.096649,51.373289,0.089119,2840.904925613821,3003.2,3259.2
647,51.408582,0.058203,51.373289,0.089119,2844.662012917563,3120.2,3867.6
648,51.386154,0.060555,51.373289,0.089119,2845.494811039208,3060.5,3573.1
649,51.434171,0.003511,51.373289,0.089119,2850.859107694713,-1.0,-1.0
650,51.306689,0.036265,51.373289,0.089119,2859.0430989646393,-1.0,-1.0
651,51.400292,0.10827,51.41914,0.072061,2862.2791444352165,2962.9,3364.5
652,51.372859,0.1031,51.373289,0.089119,2862.7057621653526,2889.3,3043
653,51.368284,0.082987,51.373289,0.089119,2863.776279329283,2956.3,3173.7
654,51.392836,0.096084,51.373289,0.089119,2864.105813166078,3027.8,3523.2
655,51.425058,0.106869,51.373289,0.089119,2874.2811471645828,3236.4,4350
656,51.363707,0.06882,51.373289,0.089119,2876.773772254564,3213.7,3626.4
657,51.401571,0.108879,51.373289,0.089119,2877.617337689503,3419.9,3989.8
658,51.359444,0.085241,51.373289,0.089119,2884.2939381357246,3086.8999999999996,3374.6
659,51.362651,0.083601,51.373289,0.089119,2887.1543947670075,2987.7,3243.5
660,51.385857,0.066954,51.373289,0.089119,2890.7263919060165,3137.9,3573.1
661,51.39086,0.103895,51.407694,0.073487,2894.0193075142874,2967.1,3297.5
662,51.369122,0.063625,51.373289,0.089119,2897.5914197164084,3127.6,3452.4
663,51.315575,0.034027,51.373289,0.089119,2898.5179150015624,-1.0,-1.0
664,51.384597,0.103294,51.416012,0.117947,2902.876828160533,3125.7,3649.6
665,51.389245,0.069895,51.373289,0.089119,2907.2045335292787,3134.6,3529
666,51.391474,0.048143,51.373289,0.089119,2910.932402259544,3191.6,3830.6
667,51.387265,0.089019,51.373289,0.089119,2913.6215969665454,3116.9,3450.9
668,51.362212,0.091756,51.373289,0.089119,2915.422184997407,2960.4,3166.1
669,51.426256,0.109774,51.373289,0.089119,2916.179102044414,3113.8,4350
670,51.312317,0.035579,51.373289,0.089119,2919.5028876726697,-1.0,-1.0
671,51.407665,0.057023,51.373289,0.089119,2927.901478432734,3100.6,3867.6
672,51.381592,0.103512,51.373289,0.089119,2930.0339269460173,3149.8,3460.4
673,51.411778,0.10569,51.406905,0.105448,2936.7444427445043,3142,3320.4
674,51.387191,0.114103,51.366065,0.055464,2943.0765406200258,3031.7,3846.1
675,51.372546,0.087542,51.373289,0.089119,2944.4451763417464,2977.7,3075.3
676,51.369122,0.063625,51.373289,0.089119,2951.664167047042,3127.6,3452.4
677,51.366691,0.082858,51.373289,0.089119,2952.407673089023,3017.3,3173.7
678,51.374589,0.107636,51.373289,0.089119,2964.70517430889,3057,3296.1
679,51.375015,0.014733,51.373289,0.089119,2980.8359156612137,3248.4,3886.5
680,51.408169,0.098927,51.373289,0.089119,2985.756485432887,3133,3732.8
681,51.393354,0.125955,51.373289,0.089119,2997.952072231041,3508,4142.6
682,51.389729,0.092299,51.373289,0.089119,2998.039477113911,3125.8,3523.2
683,51.361349,0.064287,51.373289,0.089119,3004.8145215555655,3272.3,3567.7
684,51.392918,0.032157,51.373289,0.089119,3021.088122231073,3323.2,4256.4
685,51.361349,0.064287,51.373289,0.089119,3032.636273667301,3272.3,3567.7
686,51.362212,0.091756,51.373289,0.089119,3040.22905711132,3120,3324
687,51.359199,0.085731,51.373289,0.089119,3044.1732776935437,3081.2,3374.6
688,51.39686,0.096915,51.41796,0.089729,3050.01734020618,3420.2,3840.4
689,51.389245,0.069895,51.373289,0.089119,3051.3499401708264,3152.4,3553.1
690,51.435428,0.115935,51.373289,0.089119,3051.560684819405,3427,4350
691,51.389729,0.092299,51.373289,0.089119,3056.302619518912,3125.8,3523.2
692,51.372859,0.1031,51.373289,0.089119,3063.5599191062224,3100.7,3254.1
693,51.383856,0.117846,51.373289,0.089119,3063.7140670131457,3123.4,3553.1
694,51.383683,0.055719,51.373289,0.089119,3064.3681230334564,3334.3,3976.7
695,51.393375,0.071298,51.373289,0.089119,3070.6932604551225,3375.6,3954.7
696,51.374059,0.0399,51.373289,0.089119,3071.249804055164,3456.8,3982.7
697,51.367592,0.072076,51.373289,0.089119,3081.2720671003076,3326.5,3627.1
698,51.354732,0.101482,51.377414,0.100986,3083.6714816659037,3314.8,3852.8
699,51.408169,0.098927,51.373289,0.089119,3085.2696132632154,3133.1,3732.8
700,51.374951,0.014687,51.373289,0.089119,3090.469803674283,3248.6,3886.5
701,51.417305,0.115911,51.373289,0.089119,3091.022593429956,3670.1,4332.7
702,51.363579,0.098549,51.373289,0.089119,3096.127738102821,3125.4,3328.8
703,51.363602,0.096649,51.373289,0.089119,3098.333972802823,3213.2,3469.2
704,51.356318,0.099467,51.373289,0.089119,3100.0881229309066,3349.9,3987.6
705,51.419125,0.07225,51.400319,0.108353,3126.234185917521,3366.3,3834.1
706,51.369828,0.089962,51.373289,0.089119,3127.2576114325007,3202,3351.6
707,51.395508,0.096271,51.373289,0.089119,3127.81357211661,3305.5,3919.7
708,51.397793,0.09717,51.373289,0.089119,3130.018774748889,3387.1,3919.7
709,51.384008,0.078137,51.373289,0.089119,3132.7888594442043,3239.5,3553.1
710,51.397793,0.09717,51.373289,0.089119,3133.470863679168,3387.1,3919.7
711,51.39086,0.103895,51.407694,0.073487,3136.7884171373757,3454.8,3791.8
712,51.408169,0.098927,51.373289,0.089119,3137.4861850248067,3162.6,3732.8
713,51.375015,0.014733,51.373289,0.089119,3155.6651862706794,3248.4,3886.5
714,51.366122,0.100181,51.373289,0.089119,3156.461367123331,3272.8,3481.3
715,51.395508,0.096271,51.373289,0.089119,3161.106723794182,3607.4,4131.5
716,51.378707,0.099396,51.373289,0.089119,3161.199255313762,3280.7,3478.3
717,51.363608,0.098554,51.373289,0.089119,3180.009049460914,3301.1,3504.2
718,51.361702,0.097327,51.373289,0.089119,3181.990353544515,3274,3572.3
719,51.392027,0.111732,51.373289,0.089119,3186.048242343003,3242.6,3640.9
720,51.392592,0.0835,51.373289,0.089119,3186.80064102853,3489.7,4102.4
721,51.308226,0.037141,51.373289,0.089119,3189.366963176465,-1.0,-1.0
722,51.392991,0.054097,51.373289,0.089119,3192.467761761455,3294.4,3830.6
723,51.359444,0.085241,51.373289,0.089119,3195.197634705666,3281,3567.5
724,51.403993,0.110542,51.373289,0.089119,3206.724970944344,3344.4,3989.8
725,51.423287,0.062658,51.373289,0.089119,3214.560417226227,3791.8,4774.1
726,51.372641,0.097814,51.373289,0.089119,3218.5656216676666,3250.2,3372.3
727,51.394739,0.075845,51.373289,0.089119,3224.683452467524,3459.2,3954.7
728,51.411862,0.105866,51.362488,0.095046,3240.38568713304,3704,4478.8
729,51.362651,0.083601,51.373289,0.089119,3244.9477358112545,3340,3630.9
730,51.411259,0.054505,51.373289,0.089119,3256.4910830640724,3843.1,4538.5
731,51.361349,0.064287,51.373289,0.089119,3257.0549235759713,3272.3,3567.7
732,51.366122,0.100181,51.373289,0.089119,3267.186419050819,3272.8,3481.3
733,51.306543,0.046027,51.373289,0.089119,3272.1689860247498,-1.0,-1.0
734,51.38334,0.116198,51.373289,0.089119,3285.808294181757,3446.5,3913.1
735,51.354747,0.101483,51.377317,0.100887,3306.776045346647,3342.7,3852.8
736,51.400292,0.10827,51.41914,0.072061,3307.872484413173,3707.7,4111.7
737,51.384008,0.078137,51.373289,0.089119,3312.634391713819,3447.8,3755
738,51.401988,0.103609,51.381191,0.104231,3315.704806478136,3705.2,4073
739,51.366122,0.100181,51.373289,0.089119,3331.2630105077287,3456.2,3664.1
740,51.362651,0.083601,51.373289,0.089119,3339.44883480989,3372.7,3630.9
741,51.371216,0.120965,51.373289,0.089119,3356.7956371962487,3451.8,3909.3
742,51.374278,0.063239,51.372635,0.097794,3357.121262357409,3498.1,3777.1
743,51.369828,0.089962,51.373289,0.089119,3379.7105453831414,3482,3627.8
744,51.406061,0.092701,51.426083,0.102051,3382.0879817298364,3785.6,4131.5
745,51.362608,0.097022,51.373289,0.089119,3384.291168521336,3483.1,3740.4
746,51.365635,0.098214,51.373289,0.089119,3389.3951171772055,3470,3658.7
747,51.411862,0.105866,51.362488,0.095046,3396.5716588736414,3704,4478.8
748,51.38334,0.116198,51.373289,0.089119,3400.1521741072843,3446.5,3913.1
749,51.405966,0.064753,51.373289,0.089119,3401.592025234848,3497.7,4934.6
750,51.314016,0.026048,51.369433,0.035627,3403.707527171565,-1.0,-1.0
751,51.304739,0.021725,51.316095,0.044692,3404.1663954374258,-1.0,-1.0
752,51.383856,0.117846,51.373289,0.089119,3406.1252350301293,3483.6,3913.1
753,51.356318,0.099467,51.373289,0.089119,3407.349024598194,3475.5,3987.6
754,51.372859,0.1031,51.373289,0.089119,3410.942554244669,3430.7,3584.1
755,51.359444,0.085241,51.373289,0.089119,3420.2075842467366,3450,3740.9
756,51.308226,0.037141,51.373289,0.089119,3426.6687067624603,-1.0,-1.0
757,51.368738,0.055865,51.369416,0.035622,3440.1429817963976,3570.5,3823.3
758,51.361349,0.064287,51.373289,0.089119,3447.0709830476194,3546,3892.4
759,51.395508,0.096271,51.373289,0.089119,3451.051133244601,3607.4,4131.5
760,51.409062,0.062033,51.373289,0.089119,3451.9429407184025,3774.6,4538.5
761,51.392942,0.09599,51.362432,0.095065,3452.1256033987083,3724.7,4557.9
762,51.395508,0.096271,51.373289,0.089119,3454.371483981675,3607.4,4131.5
763,51.362608,0.097022,51.373289,0.089119,3455.9415336663187,3483.1,3740.4
764,51.358061,0.09107,51.373289,0.089119,3465.5144552432985,3560,3841.2
765,51.379202,0.101517,51.373289,0.089119,3465.953904163668,3531.7,3801
766,51.371216,0.120965,51.373289,0.089119,3466.4404280815093,3510.6,3909.3
767,51.394784,0.123207,51.373289,0.089119,3481.5112832117097,3832.4,4408.4
768,51.363475,0.098595,51.373289,0.089119,3481.7364467261386,3590.1,3795.1
769,51.39042,0.069566,51.373289,0.089119,3488.925904167607,3563.6,3976.7
770,51.352513,0.091851,51.373289,0.089119,3489.289674177955,3653.6,3987.6
771,51.395508,0.096271,51.373289,0.089119,3492.7224277373043,3607.4,4131.5
772,51.371216,0.120965,51.373289,0.089119,3494.759534310034,3510.6,3909.3
773,51.384008,0.078137,51.373289,0.089119,3501.5910376933516,3524.5,3830.6
774,51.352513,0.091851,51.373289,0.089119,3507.0548295673634,3653.6,3987.6
775,51.391005,0.084979,51.373289,0.089119,3510.003831859759,3705.2,4102.4
776,51.360806,0.10564,51.373289,0.089119,3523.1913797648804,3649.5,3943.1
777,51.387265,0.089019,51.373289,0.089119,3524.169750790993,3706.3,4033.3
778,51.358061,0.09107,51.373289,0.089119,3527.3840258000764,3560,3841.2
779,51.392592,0.0835,51.373289,0.089119,3534.8628625950496,3583.3,4102.4
780,51.332266,0.024189,51.373289,0.089119,3543.1777698382343,3776,5178.4
781,51.332266,0.024189,51.373289,0.089119,3543.4324651660772,3776,5178.4
782,51.406061,0.092701,51.426083,0.102051,3550.9909453145724,3785.6,4131.5
783,51.361702,0.097327,51.373289,0.089119,3557.4710001395,3701.8,4013.6
784,51.372641,0.097814,51.373289,0.089119,3558.2675798811933,3580.2,3702.3
785,51.361349,0.064287,51.373289,0.089119,3565.475172375891,3594.4,3892.4
786,51.372641,0.097814,51.373289,0.089119,3572.4805811903007,3629.7,3751.4
787,51.356318,0.099467,51.373289,0.089119,3578.2102712577753,3925.6,4377.9
788,51.374059,0.0399,51.373289,0.089119,3594.3517360581877,3734.1,4256.4
789,51.356318,0.099467,51.373289,0.089119,3598.522021233154,3925.6,4377.9
790,51.376235,0.122352,51.373289,0.089119,3604.574747824571,3830.8,4255.4
791,51.422627,0.107933,51.373289,0.089119,3605.168994721425,3712.2,4640.1
792,51.387592,0.114488,51.373289,0.089119,3608.211152986175,3722,4142.6
793,51.312317,0.035579,51.373289,0.089119,3624.7445886425344,4097.6,5178.4
794,51.372546,0.087542,51.373289,0.089119,3627.1766879663755,3650.5,3745.4
795,51.391005,0.084979,51.373289,0.089119,3629.41289178012,3705.2,4102.4
796,51.362667,0.083672,51.373289,0.089119,3638.346151897006,3738.8,3993.8
797,51.365635,0.098214,51.373289,0.089119,3640.0133298551686,3740,3928.7
798,51.379926,0.08453,51.373289,0.089119,3642.5853052561188,3769.6,4069.8
799,51.384917,0.082606,51.373289,0.089119,3642.6742184613595,3805.8,4148.4
800,51.359444,0.085241,51.373289,0.089119,3642.9915901896475,3866.8999999999996,4161.6
801,51.38334,0.116198,51.373289,0.089119,3648.2432108683315,3770.2,4211.8
802,51.382804,0.058775,51.373289,0.089119,3648.635859991894,4056.7,4945.6
803,51.369828,0.089962,51.373289,0.089119,3652.2210021144665,3712,3861.6
804,51.311086,0.034008,51.373289,0.089119,3655.449226165529,4143.8,5178.4
805,51.377208,0.078399,51.373289,0.089119,3664.111113812183,3717,3954.7
806,51.383163,0.081111,51.373289,0.089119,3667.419048291846,3788.2,4157.9
807,51.390368,0.069627,51.373289,0.089119,3669.078204265653,3918.3,4384.7
808,51.381592,0.103512,51.373289,0.089119,3676.943742597255,3766.4,4211
809,51.384917,0.082606,51.373289,0.089119,3678.94556982649,3805.8,4148.4
810,51.363608,0.098554,51.373289,0.089119,3679.2608270538044,3738.9,3943.1
811,51.36283,0.069857,51.373915,0.09662,3680.7992339868883,3957,4260.6
812,51.356318,0.099467,51.373289,0.089119,3684.019330263958,3925.6,4377.9
813,51.371462,0.068718,51.373289,0.089119,3685.058464980992,3792.6,4074.7
814,51.36379,0.095382,51.373289,0.089119,3688.0889808588186,3776.5,4013.6
815,51.387278,0.089104,51.373289,0.089119,3688.518525965054,3706.6000000000004,4033.3
816,51.391431,0.048291,51.373289,0.089119,3689.160197780292,4138.8,4853
817,51.387122,0.078479,51.373289,0.089119,3689.8528637387412,3713.5,4148.4
818,51.38678,0.079373,51.373289,0.089119,3690.0249515047153,3740.8,4148.4
819,51.381121,0.102078,51.407013,0.072698,3692.7084612676676,3863.5,4338.4
820,51.377957,0.111321,51.373289,0.089119,3698.523124295306,3937,4241.9
821,51.397793,0.09717,51.373289,0.089119,3704.341810253482,3994,4595.2
822,51.308226,0.037141,51.373289,0.089119,3713.817869178905,-1.0,-1.0
823,51.384008,0.078137,51.373289,0.089119,3722.604538867087,3876.1,4185.9
824,51.359199,0.085731,51.373289,0.089119,3731.093675360152,3861.2,4161.6
825,51.385857,0.066954,51.373289,0.089119,3750.419997086532,4044.9,4633.4
826,51.390716,0.105521,51.396915,0.106306,3750.452711617482,4015.5,4288.3
827,51.359077,0.110302,51.373289,0.089119,3753.5846684383937,4019.4,4378.1
828,51.376235,0.122352,51.373289,0.089119,3760.718892945273,3830.8,4255.4
829,51.392592,0.0835,51.373289,0.089119,3764.881092365779,4007,4584.7
830,51.363608,0.098554,51.373289,0.089119,3775.3024051539956,3869,4099.4
831,51.38593,0.101273,51.373289,0.089119,3779.1772530709227,3891.5,4366.9
832,51.36318,0.109239,51.373289,0.089119,3783.998554780483,4026.4,4337.8
833,51.412201,0.046528,51.373289,0.089119,3785.368957361306,4071.8,4869.4
834,51.377957,0.111321,51.373289,0.089119,3789.319306628772,3937,4241.9
835,51.415646,0.053651,51.373289,0.089119,3799.2477365929044,3959.9,4774.1
836,51.312317,0.035579,51.373289,0.089119,3799.4863250025473,-1.0,-1.0
837,51.383163,0.081111,51.373289,0.089119,3802.462867736425,3829.4,4157.9
838,51.36318,0.109239,51.373289,0.089119,3803.076597918453,4026.5,4337.8
839,51.363608,0.098554,51.373289,0.089119,3803.1391491178238,3869,4099.4
840,51.381592,0.103512,51.373289,0.089119,3803.2849575886926,3899.2,4211
841,51.358061,0.09107,51.373289,0.089119,3810.9186632937704,3974.7,4251.8
842,51.435428,0.115935,51.373289,0.089119,3814.2019225977224,4147,5318.3
843,51.361479,0.107549,51.373289,0.089119,3816.100270441302,4084.7,4411.2
844,51.363782,0.107029,51.373289,0.089119,3819.491147851896,4056.7,4351.4
845,51.360806,0.10564,51.373289,0.089119,3819.847915879487,4072.1,4380
846,51.36318,0.109239,51.373289,0.089119,3820.9312721139145,4026.6,4337.8
847,51.395508,0.096271,51.373289,0.089119,3838.092503254966,4071.4,4595.2
848,51.359444,0.085241,51.373289,0.089119,3846.570609013126,3872.6,4161.6
849,51.30615,0.042296,51.373289,0.089119,3874.6240057327846,-1.0,-1.0
850,51.353215,0.095823,51.373289,0.089119,3878.6316105181872,4005.1,4377.9
851,51.354732,0.101482,51.377414,0.100986,3885.606214961583,4211.4,4722.3
852,51.377208,0.078399,51.373289,0.089119,3890.224124779372,3914,4154.4
853,51.365635,0.098214,51.373289,0.089119,3892.7240191167875,3914.6,4099.4
854,51.36714,0.120211,51.373289,0.089119,3893.9218496825156,4115.3,4512.3
855,51.395533,0.12514,51.386682,0.0346,3894.6647701381594,4140.5,-1.0
856,51.363707,0.06882,51.373289,0.089119,3905.440806283374,4077,4495.4
857,51.397793,0.09717,51.373289,0.089119,3906.0749625669882,3994,4595.2
858,51.353438,0.095622,51.373289,0.089119,3908.3274830037035,4234.6,4611.4
859,51.384917,0.082606,51.373289,0.089119,3918.410436177779,4019.7,4359.3
860,51.393375,0.071298,51.373289,0.089119,3923.251909673526,4071.1,4547.8
861,51.421226,0.067638,51.373289,0.089119,3929.4910881919764,4120.8,4774.1
862,51.36714,0.120211,51.373289,0.089119,3940.595248021704,4115.3,4512.3
863,51.332266,0.024189,51.373289,0.089119,3949.9374917700648,4430.9,-1.0
864,51.37245,0.084292,51.378905,0.100827,3956.8687502528237,3960.9,4169.7
865,51.372859,0.1031,51.373289,0.089119,3957.035828653244,3969.3,4123
866,51.394739,0.075845,51.373289,0.089119,3964.3014300188593,4115.6,4584.7
867,51.37795,0.077552,51.376739,0.09954,3967.552547703822,4066.5,4332.8
868,51.36379,0.095382,51.373289,0.089119,3970.220311714559,4168,4404.3
869,51.374059,0.0399,51.373289,0.089119,3971.650845664191,4128.8,4785.7
870,51.353215,0.095823,51.373289,0.089119,3975.4341260097553,4239.1,4611.4
871,51.421269,0.067668,51.373289,0.089119,3980.7237918924016,4121.400000000001,4774.1
872,51.387265,0.089019,51.373289,0.089119,3981.3206362528567,4136.9,4534.3
873,51.36714,0.120211,51.373289,0.089119,3984.1814150387527,4115.3,4512.3
874,51.38279,0.058729,51.365276,0.064394,3985.4748360079575,4057.0,4616.5
875,51.384008,0.078137,51.373289,0.089119,3986.41923323251,4022.9,4384.7
876,51.384917,0.082606,51.373289,0.089119,3989.584675109555,4019.7,4359.3
877,51.386154,0.060555,51.373289,0.089119,4003.6198655452476,4125.1,4633.4
878,51.362608,0.097022,51.373289,0.089119,4018.2259182188272,4137.4,4404.3
879,51.383258,0.08116,51.373289,0.089119,4024.844598196826,4211.6,4546.3
880,51.394784,0.123207,51.373289,0.089119,4026.6333195987177,4072.9,4791
881,51.384008,0.078137,51.373289,0.089119,4036.5842463000654,4077.5,4384.7
882,51.386313,0.045252,51.373289,0.089119,4037.51079624427,4149.4,4934.6
883,51.383856,0.117846,51.373289,0.089119,4052.0149036737203,4214.9,4640.1
884,51.306952,0.023171,51.373289,0.089119,4052.167865993233,-1.0,-1.0
885,51.363707,0.06882,51.373289,0.089119,4056.505809163438,4082.7,4495.4
886,51.332266,0.024189,51.373289,0.089119,4064.015515428505,4430.9,-1.0
887,51.359199,0.085731,51.373289,0.089119,4072.114018758734,4215.7,4582.3
888,51.383163,0.081111,51.373289,0.089119,4080.812194278286,4207.1,4546.3
889,51.314016,0.026048,51.369433,0.035627,4083.2526409574143,-1.0,-1.0
890,51.387122,0.078479,51.373289,0.089119,4085.4136808343296,4187.6,4547.8
891,51.387592,0.114488,51.373289,0.089119,4094.017914867879,4279.7,4703.3
892,51.409062,0.062033,51.373289,0.089119,4096.7276760961895,4232.7,4869.4
893,51.389245,0.069895,51.373289,0.089119,4099.453069534223,4233.4,4633.4
894,51.374951,0.014687,51.373289,0.089119,4102.360383671238,4518.9,5191.6
895,51.38334,0.116198,51.373289,0.089119,4104.062385647661,4178.3,4640.1
896,51.400292,0.10827,51.41914,0.072061,4114.357484764475,4441.2,4850.6
897,51.36714,0.120211,51.373289,0.089119,4115.481336908353,4157.9,4512.3
898,51.410224,0.107669,51.407785,0.07365,4119.177328266885,4581.7,4971.8
899,51.311086,0.034008,51.373289,0.089119,4123.009624780914,-1.0,-1.0
900,51.332266,0.024189,51.373289,0.089119,4127.552055164881,4430.9,-1.0
901,51.405357,0.089945,51.373289,0.089119,4130.651384504471,4405.8,5093.5
902,51.37795,0.077552,51.376739,0.09954,4131.947579384039,4168.6,4434.8
903,51.363707,0.06882,51.373289,0.089119,4139.036403683701,4343.1,4824
904,51.36352,0.098566,51.373289,0.089119,4141.25604690829,4176,4380
905,51.38334,0.116198,51.373289,0.089119,4144.441470072857,4178.3,4640.1
906,51.400049,0.059786,51.373289,0.089119,4145.625499369576,4468.6,-1.0
907,51.371741,0.042793,51.373289,0.089119,4155.411500592815,4324.7,4785.7
908,51.429247,0.107863,51.373289,0.089119,4158.627993080473,4394.2,5318.3
909,51.387278,0.089104,51.373289,0.089119,4160.032935306376,4200.6,4534.3
910,51.374059,0.0399,51.373289,0.089119,4163.746995159037,4206.7,4785.7
911,51.306543,0.046027,51.373289,0.089119,4164.386627802416,-1.0,-1.0
912,51.423588,0.109037,51.373289,0.089119,4183.48739722265,4203.9,4940.9
913,51.372641,0.097814,51.373289,0.089119,4185.419970875608,4210.2,4332.3
914,51.362913,0.069291,51.377894,0.101348,4188.092262757605,4403.5,4772.1
915,51.35808,0.090973,51.373289,0.089119,4189.2567361371,4310,4591
