52,51.30900856,0.02375715,51.39500616,0.107929774,603.1793793201068,-1.0,-1.0
53,51.39360742,0.104401971,51.4202897,0.062959359,608.0229842863938,913.4,1590.5
54,51.39540146,0.056947823,51.36161209,0.097292023,619.0258683626222,726.8,1826.2
55,51.36822191,0.073664895,51.36525405,0.064180444,669.2255396090821,753.3,901.2
56,51.42738884,0.074905628,51.4076764,0.073539657,669.3237410524152,895.5,1179
57,51.40193718,0.103592203,51.38120601,0.104420816,689.9373062468892,1076,1577.4
58,51.3963998,0.070347179,51.38239489,0.076934243,698.5823150960209,1071.3,1283.2
59,51.39428204,0.098901888,51.39120445,0.100408552,702.005501356355,856.3,995
60,51.38686511,0.103398997,51.37486243,0.115365778,730.7780519679889,1106.3,1378.9
61,51.41029566,0.107649113,51.33557464,0.054136271,736.0918623639704,930.7,2016
62,51.36878042,0.055944838,51.36531643,0.064217448,770.9934587131186,920.4,1236.8
63,51.37698559,0.048725043,51.3887895,0.057873212,828.1458694803305,1090.9,1507.3
64,51.39540146,0.056947823,51.36161209,0.097292023,831.2004409445026,936.9,1826.2
65,51.39643329,0.0702998,51.38144278,0.079645294,835.1474393157949,1071.3,1298.4
66,51.40581262,0.057374496,51.39275693,0.03224213,856.5433759927008,941.5,1310.2
67,51.30511177,0.020184011,51.39264067,0.034777101,875.2202540829138,1306.7,2535.4
68,51.40010248,0.116931689,51.39367045,0.110145444,898.2239557600127,1249.8,1449.7
69,51.3715225,0.12159582,51.37688365,0.099763904,900.6184701697457,1162.4,1501.5
70,51.37316244,0.065187379,51.36059563,0.091500557,908.0691520597886,1084.4,1467.7
71,51.3730982,0.088818434,51.37404603,0.040011265,908.2188889603567,1011.1,1595.5
72,51.36823969,0.073525579,51.35757522,0.136514116,919.0055000827866,1037.9,1709.1
73,51.30472902,0.021958991,51.31601836,0.044605319,940.3784918498234,1303.4,1799
74,51.3715225,0.12159582,51.37688365,0.099763904,949.2561568074852,1162.4,1501.5
75,51.37491194,0.115561505,51.40331214,0.120942848,951.2930573044887,1209.7,1757.7
76,51.37876179,0.074607343,51.36607607,0.055048141,962.7150720307584,1378.7,2031.5
77,51.41013177,0.072342218,51.4070535,0.1118169,978.9431456267963,1062.5,1464
78,51.36878042,0.055944838,51.36531643,0.064217448,988.0077751695948,1061.8,1236.8
79,51.39357466,0.104431279,51.42025782,0.063077819,1008.9073445677955,1129.3,1589.7
80,51.3725826,0.078650309,51.36534459,0.0642948,1009.3649066864615,1053.8,1262.8
81,51.34899393,0.072494358,51.37914404,0.10918976,1018.1647535638539,1130.3,1657.8
82,51.30251938,0.017507711,51.31568227,0.024863976,1039.8975491006677,1374.3,1621.8
83,51.30803902,0.022056459,51.30930286,0.036440086,1055.17657459471,1241.5,1574.7
84,51.3852186,0.059857424,51.36727431,0.104395373,1069.0325317453344,1172,2081.9
85,51.42324632,0.061363324,51.40625898,0.071902587,1110.132192633277,1185.8,1390.3
86,51.37419098,0.070167094,51.38566704,0.060841739,1120.1959610872193,1331.4,1765.6
87,51.40401447,0.107377205,51.40256606,0.103695184,1120.528059161089,1241.4,1296.5
88,51.3046999,0.02183478,51.31485238,0.054585709,1121.8599838502005,1304.3000000000002,1888.2
89,51.3978578,0.114177218,51.42456149,0.1047756,1131.9972054844582,1659.6,1960.3
90,51.37938522,0.085701634,51.37679588,0.099282788,1144.2268344213091,1476.9,1661
91,51.40193718,0.103592203,51.38120601,0.104420816,1164.7414856055075,1304.9,1577.4
92,51.37491194,0.115561505,51.40331214,0.120942848,1196.0783154900046,1209.7,1757.7
93,51.38678465,0.079416445,51.37354782,0.075175539,1209.9067519951552,1304.3,1522.6
94,51.35472719,0.101423754,51.37747341,0.100832376,1236.4449743251675,1371.1,1791.7
95,51.39287815,0.096050251,51.40430477,0.104570805,1239.5990706126656,1709.8,2059.4
96,51.42589003,0.103469563,51.4235718,0.093467276,1287.6772266708692,1527.2,1649.8
97,51.3914108,0.10091207,51.38585245,0.089114883,1294.3643878001649,1575.8,1886.5
98,51.31565738,0.025023362,51.31091561,0.034283158,1307.8691837309332,1594.8,1821.9
99,51.38811753,0.102900695,51.36529497,0.064243698,1310.524339369502,1684.4,2271
100,51.3845364,0.103310544,51.41589031,0.117984441,1342.4971495945942,1545.5,2079.9
101,51.39829506,0.102758564,51.33386602,0.040648619,1346.6751673214799,1390.7,2463
102,51.37949852,0.087629547,51.37845599,0.101866873,1350.2702523665027,1535.7,1838.8
103,51.35773373,0.127530863,51.36652905,0.058638326,1351.1011004552304,1574.7,2209.9
104,51.37551563,0.047846775,51.37338482,0.042685534,1388.2156524641132,1626.4,1774.5
105,51.41134892,0.056657183,51.40658971,0.057009237,1395.1232604485792,1544.4,1623.4
106,51.37902399,0.076242534,51.36642084,0.080277074,1401.2666460406813,1428.6,1697
107,51.42738884,0.074905628,51.4076764,0.073539657,1422.5801471856666,1742,2178.3
108,51.31925086,0.024601654,51.31104547,0.03404217,1427.8706716055142,1631,1819.9
109,51.39527721,0.057172069,51.36996595,0.105998205,1437.2256463620524,1442.7,2098.1
110,51.35476454,0.101842318,51.37481893,0.115336908,1442.9165314213603,1648.9,2077
111,51.37796724,0.086178432,51.42199439,0.102044183,1491.3066761142297,1959.7,2587
112,51.37290555,0.084163421,51.36525343,0.064206324,1498.6094534119375,1810.6,2045.1
113,51.41780587,0.051740187,51.39517981,0.05713024,1521.8306751587083,1859.5,2383.1
114,51.39358263,0.10451188,51.42032168,0.062936434,1530.3518097930894,1829.5,2588.2
115,51.37251062,0.078565265,51.36525699,0.064194213,1535.249655367043,1736.3,2045.1
116,51.38716759,0.114185329,51.36593053,0.05536981,1537.7180894212136,1659.4,2461.4
117,51.36521092,0.038382338,51.3675019,0.076934375,1544.4277596944216,1699.6,2258.8
118,51.37304964,0.088613188,51.36569006,0.09821526,1544.6165364607468,1702.6,1855.1
119,51.38530312,0.071762027,51.36643697,0.066868323,1550.9033786040989,2075.8,2461.4
120,51.42037855,0.114632899,51.41432247,0.079254891,1567.9477461231843,1760.3,2054.6
121,51.41784044,0.051744282,51.41760088,0.065626975,1580.3493976677598,1860.1,2065.1
122,51.37251065,0.078582401,51.41006806,0.07251923,1592.7377778964149,1691.8,2251.6
123,51.31927056,0.024726776,51.3110448,0.034115556,1632.2588036478937,1669,1820.2
124,51.42327118,0.069142149,51.41134553,0.056690121,1634.765521451244,1884.4,2329.1
125,51.31948699,0.024564587,51.37366621,0.096595918,1668.9932831547562,1693.5,2880.7
126,51.38689149,0.077082036,51.39473116,0.070613526,1683.3561205095975,1802.9,1931.7
127,51.39281627,0.03225434,51.36943087,0.035640468,1689.4939589640378,1710.4,2092.3
128,51.40132918,0.043831037,51.39699485,0.038880418,1702.6342284354355,1919.1,2044.7
129,51.42324632,0.061363324,51.40625898,0.071902587,1703.063109353224,1996.1,2253
130,51.38812079,0.096120024,51.41860456,0.089273256,1728.7711470237164,2079.1,2547.5
131,51.35950512,0.093064422,51.38374997,0.046896265,1731.3940717452465,1846,2473.9
132,51.4243539,0.132009743,51.41185972,0.110162551,1731.926460396316,2166.9,2611
133,51.4243539,0.132009743,51.41185972,0.110162551,1746.238006648722,2166.9,2611
134,51.36521092,0.038382338,51.3675019,0.076934375,1755.7749232277988,1840.9,2258.8
135,51.38141201,0.062290108,51.37925788,0.080308487,1755.8243679871946,1909.3,2244.3
136,51.38847751,0.052517043,51.38665731,0.034768702,1788.7182107917167,2086.1,2282.9
137,51.3793117,0.080113843,51.38142815,0.062155268,1833.0281144325218,2161.6,2482.3
138,51.41221577,0.12458087,51.41598191,0.118124479,1845.469376199623,2007.5,2175.1
139,51.42034546,0.063080195,51.37712922,0.116182395,1861.7053154357695,2053,2967.9
140,51.38429846,0.086099151,51.37261831,0.117657486,1914.739193328457,2192.7,2649.3
141,51.40602095,0.064965738,51.40004019,0.045302603,1926.9287206906995,2275.2,2529.7
142,51.37531117,0.122207412,51.37643869,0.098635034,1930.149619850396,2159.4,2513.8
143,51.3681201,0.082965149,51.36628591,0.080315326,1956.4036283408675,2106.8,2131.2
144,51.39215059,0.104421427,51.39275196,0.103598546,1960.6412251306826,2097.1,2140.7
145,51.42788175,0.105524465,51.41584194,0.112857439,1972.2322975155341,2297.7,2473.7
146,51.40535952,0.087949572,51.39727457,0.124915649,1985.3443463870246,2343.7,2821.8
147,51.36882878,0.055855459,51.36943614,0.035572271,1990.295746245498,2143.4,2389.5
148,51.36423502,0.103369729,51.38810085,0.074192602,1998.710932626934,2269.3,2733.5
149,51.39555682,0.125058612,51.38666309,0.034882103,2000.2275838525225,2386.6,3383.5
150,51.38978701,0.05747409,51.39555509,0.10755329,2033.7471630637347,2296.6,3241.3
151,51.41013177,0.072342218,51.4070535,0.1118169,2036.9460623529583,2274.6,2667.8
152,51.41437005,0.110031554,51.41261396,0.122786458,2071.0861386376446,2266.8,2400.4
153,51.36864813,0.095063995,51.36529427,0.064296391,2071.8044245757733,2277.7,2585.7
154,51.36337843,0.070629015,51.35570449,0.088428813,2115.334877341947,2301.7,2548.7
155,51.3852186,0.059857424,51.36727431,0.104395373,2125.5001934610614,2551.2,3406.2
156,51.36547136,0.088029855,51.40780629,0.073707318,2145.14956088185,2443.1,3077.2
157,51.41030908,0.107781674,51.33558966,0.054143044,2185.743325560907,2610.6,3766.5
158,51.39548717,0.125034362,51.38724067,0.114263012,2186.9115593117567,2385.4,2666.4
159,51.38323493,0.11160446,51.40661806,0.115309203,2214.359400133533,2824.3,3172.5
160,51.38155623,0.079629586,51.39304429,0.084870896,2218.4853445341037,2314.1,2518.9
161,51.30260683,0.017571122,51.31560643,0.024992939,2241.028810036404,2632.3,2879.6
162,51.42266567,0.065103563,51.41181644,0.110185083,2251.6587507270024,2565.5,3067.9
163,51.3930206,0.053899689,51.41425215,0.082949941,2288.4712483785943,2436.7,2791.9
164,51.37138865,0.069108884,51.36607537,0.055037883,2290.771810975838,2417.6,2626
165,51.38816403,0.102216152,51.41263886,0.122952729,2303.0552170442725,2725.8,3386.1
166,51.37138865,0.069108884,51.36607537,0.055037883,2305.6374097210587,2417.6,2626
167,51.39007203,0.083394074,51.38406298,0.074713682,2322.7673045101637,2558,2695.0
168,51.3577081,0.127619155,51.38699445,0.114280395,2358.436895258966,2430.2,2895.4
169,51.31560695,0.024926324,51.30911585,0.037932219,2367.463194145399,2689.4,2838.3
170,51.3135479,0.06310306,51.3095456,0.036688875,2383.230137737958,2756.2,3205.3
171,51.39213868,0.10444428,51.39281631,0.103563482,2388.750221587106,2625.8,2669.9
172,51.38885963,0.09001629,51.41085319,0.072796351,2507.1220991568707,2753.0,3014.8
173,51.360815,0.105628747,51.3564432,0.108371744,2516.263713340226,2961.4,3137.1
174,51.3616353,0.097381205,51.39538581,0.057025362,2517.6694506270883,2811.4,4186.3
175,51.38878096,0.090113055,51.41082396,0.072814354,2542.4388387107347,2752.4,3014.4
176,51.37303313,0.106855611,51.41868869,0.089237326,2546.7970990872313,2700.4,3435.7
177,51.40470877,0.091345761,51.4039274,0.104881023,2547.8295490944765,2805.2,3012.5
178,51.38404238,0.074817861,51.38990524,0.083267905,2563.2457191290387,2693.9,2833.7
179,51.36992496,0.10597466,51.39530624,0.05716806,2592.882886186831,2908.1,3998.6
180,51.42446936,0.069448322,51.39529229,0.057137464,2599.34262238913,2815.1,3267.4
181,51.39261419,0.08370253,51.41890379,0.067348328,2612.014509600216,2917.6,3222.7
182,51.40650052,0.088996573,51.41860587,0.089089197,2613.7690692510278,2876.3,3258.5
183,51.42474996,0.104780905,51.41429483,0.110217766,2630.551680909984,2681.1,2822.8
184,51.38215149,0.094991541,51.37350884,0.1155199,2637.885507482717,3027.6,3388.3
185,51.36601813,0.055248328,51.38803388,0.07424627,2639.539178698416,2640.5,3033.3
186,51.35111426,0.097474569,51.35249416,0.091948085,2683.07603335238,3140.2,3246.8
187,51.38746911,0.09783705,51.40627823,0.071978319,2699.261266427432,3146.7,3524.1
188,51.37251065,0.078582401,51.41006806,0.07251923,2712.090145662059,2969.7,4067.3
189,51.3729502,0.0958819,51.30326305,0.040776335,2747.100579459094,2854.3,4684.3
190,51.38910114,0.077096871,51.38153911,0.079672821,2773.5917508810944,2884.8,3000
191,51.38910114,0.077096871,51.38153911,0.079672821,2795.814565934145,2884.8,3000
192,51.39215059,0.104421427,51.39275196,0.103598546,2815.6332036026183,2912.8,2954.8
193,51.37252391,0.078693149,51.3757155,0.100636148,2823.8561053590656,2969,3180.3
194,51.41758555,0.091903523,51.39336878,0.071299647,2832.095119128513,2921,3423.7
195,51.38177672,0.118846214,51.37496404,0.115476816,2847.5947990162726,3352.5,3556.3
196,51.37736175,0.094851344,51.37376016,0.018019167,2851.139277894037,3110.1,4361
197,51.31615195,0.04468465,51.32114972,0.051090188,2857.208896543545,3000.8,3834.8
198,51.30251938,0.017507711,51.31568227,0.024863976,2858.245993441217,3149.5,3395.4
199,51.39525882,0.057132623,51.3910011,0.037410273,2877.1584979976883,3077.5,3344.6
200,51.3054328,0.042435522,51.314609,0.041865351,2884.887143086875,3019.6,3216.4
201,51.39631155,0.096135677,51.40897551,0.047917703,2897.1258205986123,3346.4,3791.1
202,51.37717772,0.116413115,51.420273,0.063068823,2901.454583605968,2977.2,3635.9
203,51.37565025,0.109488084,51.36647886,0.079250526,2906.5645908943825,3029.4,3330.7
204,51.39628403,0.096271444,51.40898605,0.047999297,2934.973470097509,3086.4,3849.6
205,51.39701827,0.104627407,51.37505831,0.115385624,2939.428437735531,3206.9,3910.8
206,51.38275547,0.110492277,51.40674244,0.105269622,2968.798324974911,3324.1,3717.2
207,51.37717772,0.116413115,51.420273,0.063068823,2976.760547495846,3022.3,3635.9
208,51.38910114,0.077096871,51.38153911,0.079672821,3005.5838774383406,3146.7,3324.7
209,51.3725826,0.078650309,51.36534459,0.0642948,3019.7299169096364,3149.6,3457
210,51.38141201,0.062290108,51.37925788,0.080308487,3022.363131528901,3380.2,3690.6
211,51.3604872,0.089537024,51.37600492,0.097636942,3025.0426337266776,3383.9,3809.4
212,51.36882878,0.055855459,51.36943614,0.035572271,3026.5261367993667,3307.6,3883.6
213,51.36533093,0.064295048,51.36867031,0.095116414,3049.283681603856,3363.2,3723.6
214,51.37571756,0.100609636,51.35935733,0.085370547,3061.228859146843,3560.5,3841.9
215,51.37949852,0.087629547,51.37845599,0.101866873,3067.247138043878,3125.4,3352.5
216,51.31927056,0.024726776,51.3110448,0.034115556,3079.580630138096,3431.2,3552.4
217,51.40132918,0.043831037,51.39699485,0.038880418,3093.606811866425,3319.9,3445.6
218,51.37463877,0.045813697,51.36214965,0.038744054,3097.298302321223,3333.3,3553.1
219,51.4193977,0.1193898,51.41061921,0.14162448,3099.603425805665,3324.3,3489.8
220,51.39693014,0.096090991,51.381536,0.079656877,3104.5807706256187,3423.7,3821.1
221,51.35695537,0.138163443,51.36565573,0.059588533,3131.5048910795867,3413.8,4105.4
222,51.38018681,0.084319248,51.38950489,0.074178689,3168.173346228793,3413.2,3642.3
223,51.38910114,0.077096871,51.38153911,0.079672821,3176.2407866955505,3209.5,3324.7
224,51.37299778,0.106656518,51.37587633,0.098886338,3180.4344264601073,3541.7,3708.6
225,51.37696641,0.048873267,51.3889144,0.057862224,3182.215437550113,3641.9,4056.9
226,51.34697655,0.036310069,51.30478946,0.021763012,3187.1927500726238,3527.1,4276.4
227,51.38495919,0.062559676,51.36216919,0.091675839,3188.833007965964,3319.2,4404
228,51.36289771,0.108893616,51.38245822,0.044978308,3196.851576040612,3581.3,4621.4
229,51.42788175,0.105524465,51.41584194,0.112857439,3197.023875375796,3490.4,3666.7
230,51.37416342,0.086320067,51.36606303,0.107779586,3211.8037881365985,3613.1,3920.3
231,51.31565738,0.025023362,51.31091561,0.034283158,3219.39035125203,3395.1,3554.1
232,51.35857148,0.073985078,51.37122873,0.062962287,3228.3296847895567,3394.8,3700.5
233,51.37147176,0.068686801,51.40627666,0.060097572,3232.995813841729,3297.6,4379.2
234,51.39427988,0.104971096,51.37663359,0.112234264,3246.6932267656043,3757.4,4049.4
235,51.37717772,0.116413115,51.420273,0.063068823,3246.8276377230345,3606.9,4634.1
236,51.36864637,0.070818232,51.36028963,0.06506045,3248.772434122169,3353.9,3566.6
237,51.42788175,0.105524465,51.41584194,0.112857439,3250.6937359610656,3490.4,3666.7
238,51.39628403,0.096271444,51.40898605,0.047999297,3252.942242944277,3395.7,3849.6
239,51.41013177,0.072342218,51.4070535,0.1118169,3258.209250313887,3390.1,3781.4
240,51.39701827,0.104627407,51.37505831,0.115385624,3265.235790923433,3684.1,4059.8
241,51.39767312,0.122802418,51.4186827,0.089239373,3266.321600347839,3855.6,4407.2
242,51.40193718,0.103592203,51.38120601,0.104420816,3286.910046556074,3414.5,3690.6
243,51.39515007,0.120218232,51.38703823,0.114122302,3300.831634706292,3670.4,3897.1
244,51.41233541,0.046427883,51.39338371,0.034509667,3320.282349769658,3654.1,4002.9
245,51.36857983,0.057222113,51.35882533,0.06753105,3335.591416670636,3398.3,3565.1
246,51.35588218,0.094209754,51.36761727,0.076869418,3351.388984782303,3504.5,4079.4
247,51.42312472,0.1092231,51.37599367,0.101983079,3387.2143836828773,3642.9,4275.5
248,51.32108256,0.050994681,51.31609818,0.044757514,3400.0951435740326,3836.9,4329
249,51.37683231,0.099069296,51.37933224,0.085650741,3429.600009763502,3872.8,4153.4
250,51.37902399,0.076242534,51.36642084,0.080277074,3430.9032563758487,3745.5,4016.5
251,51.3890823,0.0771568,51.3815272,0.079641865,3473.7239598345022,3701.1,3821
252,51.42738884,0.074905628,51.4076764,0.073539657,3482.6880654496263,3836,4119.1
253,51.37491194,0.115561505,51.40331214,0.120942848,3497.8660458074464,3558.3,4140.5
254,51.39601857,0.113486537,51.37974772,0.090789557,3522.0535103738457,3559.2,4328.9
255,51.30416155,0.039242755,51.31567175,0.024935984,3530.274258337504,3708.7,4024.4
256,51.38575699,0.06094571,51.38155902,0.079682938,3562.708456096432,3867.4,4130.6
257,51.38904626,0.07664784,51.39666948,0.055711711,3564.669195530498,3687.3,4286.8
258,51.31948916,0.024479619,51.37370981,0.096489379,3588.181169629819,4062.8,5033.2
259,51.38711195,0.114118836,51.39514659,0.120129373,3615.136138691875,4042,4440.5
260,51.4126149,0.122745338,51.41613513,0.122235195,3627.883366512357,3805.9,4016.4
261,51.38404238,0.074817861,51.38990524,0.083267905,3630.965722505801,4178.1,4314.8
262,51.37721791,0.116302315,51.42030224,0.062968111,3639.7633266819544,3956.6,4567.8
263,51.39301075,0.054110333,51.41429159,0.083080648,3650.129691414667,3864.9,4226.8
264,51.38529316,0.071833938,51.36650713,0.066955769,3651.9621320251003,4023,4358.2
265,51.39358263,0.10451188,51.42032168,0.062936434,3666.651945876576,3770.9,4740.1
266,51.3793117,0.080113843,51.38142815,0.062155268,3673.533320457321,3879,4224.2
267,51.37721791,0.116302315,51.42030224,0.062968111,3675.3554106156607,3956.7,4567.8
268,51.38898298,0.076744794,51.40777315,0.073701447,3684.108841867062,3691.7,4023.1
269,51.30327416,0.040716954,51.37294091,0.095718025,3704.631280517299,3751.8,5002.9
270,51.37923381,0.079553563,51.38586813,0.066934181,3736.3773969384133,3865.2,4092.1
271,51.31453308,0.041616133,51.3054685,0.042459362,3740.4400443248974,4190.8,4396.2
272,51.37482288,0.115380734,51.37267907,0.117894607,3748.0683382974694,4064.9,4157.1
273,51.39555682,0.125058612,51.38666309,0.034882103,3753.9522861511505,3905.8,5343.5
274,51.31565738,0.025023362,51.31091561,0.034283158,3758.1899511836114,3969.4,4056.3999999999996
275,51.40188847,0.057806042,51.38875116,0.057905434,3770.9532204189345,3991.6,4214.3
276,51.31163924,0.034446932,51.32003394,0.030347804,3775.848082984872,3840.2,4063.3
277,51.39301075,0.054110333,51.41429159,0.083080648,3778.511694608071,3864.9,4226.8
278,51.36423502,0.103369729,51.38810085,0.074192602,3782.936260182189,4072.4,4829.4
279,51.41029566,0.107649113,51.33557464,0.054136271,3785.787913663093,3909,-1.0
280,51.36238577,0.091393796,51.36527679,0.064140708,3789.063980417391,3948.1,4433.9
281,51.40633166,0.08899047,51.41867467,0.089127254,3790.669871159776,4377.7,4842.9
282,51.38978255,0.074533235,51.40362417,0.106200088,3797.5386075359493,4334.4,4915.2
283,51.31110281,0.027943103,51.3045961,0.026831812,3808.3691619581546,4255.8,4384.6
284,51.3729502,0.0958819,51.30326305,0.040776335,3851.8231130034064,3874.4,5268.5
285,51.38715224,0.078467472,51.37266075,0.124390311,3857.2899234057413,4313.3,5228.9
286,51.39305692,0.08486736,51.38913106,0.07702298,3859.0956457657176,4162.6,4299.3
287,51.37571756,0.100609636,51.35935733,0.085370547,3872.6425592201367,4216.2,4651.1
288,51.31927056,0.024726776,51.3110448,0.034115556,3884.666728822651,3933.5,4054.7
289,51.3880969,0.096164778,51.37253148,0.124369264,3886.496618549285,4435.2,4991.8
290,51.36345488,0.063295536,51.34639399,0.071743463,3906.4991447946527,4181.6,4415.8
291,51.3724617,0.087353651,51.36525099,0.064260499,3916.3319956801633,4105.3,4433.9
292,51.38691711,0.103465104,51.3727182,0.117764809,3932.4222042408555,4019.9,4991.4
293,51.37736175,0.094851344,51.37376016,0.018019167,3944.07418201232,4002.6,5009.1
294,51.38323493,0.11160446,51.40661806,0.115309203,3949.537112202785,4144.5,4731.6
295,51.38404238,0.074817861,51.38990524,0.083267905,3955.440954245407,4178.1,4314.8
296,51.3361754,0.07617934,51.34375767,0.111132744,3963.407903717193,-1.0,-1.0
297,51.38692956,0.103397934,51.3768679,0.100681828,3976.5119831292354,4020.0,4584.4
298,51.30459302,0.021865797,51.31488451,0.054607973,4000.616037421516,4279.0,4913.4
299,51.36969307,0.0812557,51.36059178,0.091611038,4001.6484578073832,4081.9,4496.2
300,51.39431058,0.098350171,51.35765521,0.127646064,4016.9766837127695,4344.6,4969.2
301,51.38529316,0.071833938,51.36650713,0.066955769,4018.620409415768,4023,4358.2
302,51.42327118,0.069142149,51.41134553,0.056690121,4038.557298869859,4555.1,4870
303,51.37931954,0.102333665,51.37162185,0.098886344,4052.6127657940415,4121.9,4408.3
304,51.36547136,0.088029855,51.40780629,0.073707318,4069.6109311867863,4217.8,-1.0
305,51.38275547,0.110492277,51.40674244,0.105269622,4075.1004715541135,4123.5,4889
306,51.38929044,0.069958681,51.42037751,0.06290161,4093.1187398047655,4328.4,5153.9
307,51.37317481,0.106783479,51.37598849,0.09892467,4110.582097725675,4501.7,4669.5
308,51.39548717,0.125034362,51.38724067,0.114263012,4110.68552328351,4325.3,4705.3
309,51.38355007,0.117901363,51.38040192,0.110040715,4115.18732622422,4599.6,4736.1
310,51.30549803,0.0424638,51.31018265,0.032919893,4120.299460417762,4396.4,4500.8
311,51.38876406,0.074371195,51.39266284,0.083383331,4122.380607775651,4220.1,4442
312,51.37132328,0.080836675,51.36528406,0.064204699,4126.104267748009,4204.5,4433.9
313,51.38812079,0.096120024,51.41860456,0.089273256,4146.373309870537,4332.1,4975.4
314,51.38811753,0.102900695,51.36529497,0.064243698,4177.322159075422,4711.5,-1.0
315,51.3930206,0.053899689,51.41425215,0.082949941,4181.593169599276,4280.7,4635.2
