42,51.3845364,0.103310544,51.41589031,0.117984441,608.0041765498561,736.3,1270.1
43,51.37551563,0.047846775,51.37338482,0.042685534,645.1187285587389,866.5,1017.5
44,51.37902399,0.076242534,51.36642084,0.080277074,651.2621141508411,768.5,1036.9
45,51.42738884,0.074905628,51.4076764,0.073539657,672.5756152958265,838.9,1242
46,51.31925086,0.024601654,51.31104547,0.03404217,677.8661397156742,780.5,1112
47,51.39527721,0.057172069,51.36996595,0.105998205,687.2211144722125,1058.8,1716
48,51.35476454,0.101842318,51.37481893,0.115336908,692.9119995315205,828.4,1249.3
49,51.41780587,0.051740187,51.39517981,0.05713024,716.1332212782913,1185.1,1656.1
50,51.39358263,0.10451188,51.42032168,0.062936434,724.6543559126724,877.7,1330.8
51,51.37251062,0.078565265,51.36525699,0.064194213,729.552201486626,825.9,1043.9
52,51.38716759,0.114185329,51.36593053,0.05536981,732.0206355407964,937,1600.1
53,51.36521092,0.038382338,51.3675019,0.076934375,738.7303058140045,958.1,1383.8
54,51.37304964,0.088613188,51.36569006,0.09821526,738.9190825803297,849.6,1005.3
55,51.38530312,0.071762027,51.36643697,0.066868323,745.2059247236817,883.6,1227.5
56,51.42037855,0.114632899,51.41432247,0.079254891,762.2502922427673,939.9,1228.7
57,51.37251065,0.078582401,51.41006806,0.07251923,774.6386724714223,902.9,1463.5
58,51.31927056,0.024726776,51.3110448,0.034115556,814.1596982229013,1059.8,1181.5
59,51.31948699,0.024564587,51.37366621,0.096595918,848.3874599264135,1135,2515.3
60,51.39281627,0.03225434,51.36943087,0.035640468,854.5252983808538,893.1999999999999,1668.5
61,51.40132918,0.043831037,51.39699485,0.038880418,867.6655678522515,1076.4,1202.9
62,51.42324632,0.061363324,51.40625898,0.071902587,868.09444877004,1058.6,1269.2
63,51.38812079,0.096120024,51.41860456,0.089273256,893.8024864405324,1032,1498.1
64,51.4243539,0.132009743,51.41185972,0.110162551,908.1140326929384,1339,1786.4
65,51.36521092,0.038382338,51.3675019,0.076934375,917.6509492720154,958.1,1383.8
66,51.38141201,0.062290108,51.37925788,0.080308487,917.7003940314111,1341.4,1725.9
67,51.38847751,0.052517043,51.38665731,0.034768702,950.5942368359332,1300.8,1494
68,51.3793117,0.080113843,51.38142815,0.062155268,994.9041404767381,1153.1,1473.2
69,51.38429846,0.086099151,51.37261831,0.117657486,1047.9380183694257,1106.2,1558
70,51.39215059,0.104421427,51.39275196,0.103598546,1052.1756151592408,1181.1,1226.3
71,51.36882878,0.055855459,51.36943614,0.035572271,1057.1270150177143,1235.4,1485.7
72,51.36423502,0.103369729,51.38810085,0.074192602,1065.5422013991501,1207.1,1663.9
73,51.39555682,0.125058612,51.38666309,0.034882103,1067.0588526247386,1309,2213.8
74,51.38978701,0.05747409,51.39555509,0.10755329,1100.5784318359508,1387.1,1973.7
75,51.41013177,0.072342218,51.4070535,0.1118169,1103.7773311251744,1313.4,1707
76,51.41437005,0.110031554,51.41261396,0.122786458,1137.9174074098607,1232.9,1367.2
77,51.3852186,0.059857424,51.36727431,0.104395373,1148.0827235289748,1410.8,2197.3
78,51.41030908,0.107781674,51.33558966,0.054143044,1188.676488208032,1339.1,2583.8
79,51.38323493,0.11160446,51.40661806,0.115309203,1216.1243290298085,1453.5,1810.2
80,51.30260683,0.017571122,51.31560643,0.024992939,1238.667794532109,1506.2,1855.5
81,51.38816403,0.102216152,51.41263886,0.122952729,1250.9512006005434,1407.1,1878.4
82,51.37138865,0.069108884,51.36607537,0.055037883,1253.5333932773299,1311.3,1518.3
83,51.39007203,0.083394074,51.38406298,0.074713682,1270.663288066435,1449.3,1586.3
84,51.3135479,0.06310306,51.3095456,0.036688875,1286.430231658994,1549.5,1915.1
85,51.39213868,0.10444428,51.39281631,0.103563482,1291.9503155081418,1503.5,1545.8
86,51.3616353,0.097381205,51.39538581,0.057025362,1293.3560527950042,1494.1,2466.9
87,51.38878096,0.090113055,51.41082396,0.072814354,1318.1254408786504,1454.7,1719.7
88,51.37303313,0.106855611,51.41868869,0.089237326,1322.4837012551473,1418.3,1996.3
89,51.40470877,0.091345761,51.4039274,0.104881023,1323.5161512623922,1506.1,1710.2
90,51.38404238,0.074817861,51.38990524,0.083267905,1338.9323212969543,1546.3,1727.7
91,51.36992496,0.10597466,51.39530624,0.05716806,1368.5694883547467,1495.4,2146.9
92,51.39261419,0.08370253,51.41890379,0.067348328,1381.2413755658326,1590.7,1897.4
93,51.42474996,0.104780905,51.41429483,0.110217766,1398.0239872247887,1618.2,1761.8
94,51.38215149,0.094991541,51.37350884,0.1155199,1405.3578137975219,1679.1,1994.1
95,51.36601813,0.055248328,51.38803388,0.07424627,1407.0114850132209,1517.2,1908.2
96,51.35111426,0.097474569,51.35249416,0.091948085,1450.5483396671846,1806.9,1911.5
97,51.37251065,0.078582401,51.41006806,0.07251923,1463.3772189018116,1793.6,2360.7
98,51.3729502,0.0958819,51.30326305,0.040776335,1498.3876526988465,1617.5,3797.8
99,51.38910114,0.077096871,51.38153911,0.079672821,1520.610467751897,1653.7,1918.1
100,51.37736175,0.094851344,51.37376016,0.018019167,1524.1549466296617,1895.1,2815.1
101,51.31615195,0.04468465,51.32114972,0.051090188,1530.2245652791696,2012.9,2469.1
102,51.30251938,0.017507711,51.31568227,0.024863976,1531.2616621768416,1607.8,1856.3
103,51.39525882,0.057132623,51.3910011,0.037410273,1550.1741667333129,1700,1965.7
104,51.3054328,0.042435522,51.314609,0.041865351,1557.9028118224994,2018.8,2217.9
105,51.39631155,0.096135677,51.40897551,0.047917703,1570.141489334237,1786.7,2371
106,51.39701827,0.104627407,51.37505831,0.115385624,1574.596456972259,1787.2,2160.7
107,51.38275547,0.110492277,51.40674244,0.105269622,1603.9663442116384,1777.2,2164.2
108,51.37717772,0.116413115,51.420273,0.063068823,1611.9285667325735,1708,2317.6
109,51.38910114,0.077096871,51.38153911,0.079672821,1640.7518966750683,1653.7,1918.1
110,51.38141201,0.062290108,51.37925788,0.080308487,1643.3851112943328,1802.7,2142.6
111,51.3604872,0.089537024,51.37600492,0.097636942,1646.0646134921096,1821.2,2042.6
112,51.36882878,0.055855459,51.36943614,0.035572271,1647.5481165647989,1727.1,1981.5
113,51.36533093,0.064295048,51.36867031,0.095116414,1670.3056613692884,1832.9,2419.9
114,51.37571756,0.100609636,51.35935733,0.085370547,1682.2508389122752,1874.5,2158.3
115,51.40132918,0.043831037,51.39699485,0.038880418,1696.2770206406042,1906.4,2032.3
116,51.37463877,0.045813697,51.36214965,0.038744054,1699.9685110954026,1861.2,2081.7
117,51.4193977,0.1193898,51.41061921,0.14162448,1702.2736345798444,1854.5,2020
118,51.39693014,0.096090991,51.381536,0.079656877,1707.250979399798,1936.1,2334.4
119,51.35695537,0.138163443,51.36565573,0.059588533,1734.1750998537661,2322,3171.5
120,51.38910114,0.077096871,51.38153911,0.079672821,1742.2425403205236,1802.9,1918.1
121,51.34697655,0.036310069,51.30478946,0.021763012,1747.2198528430345,2227.3,3202.5
122,51.38495919,0.062559676,51.36216919,0.091675839,1748.8601107363745,1861.5,2475.5
123,51.36289771,0.108893616,51.38245822,0.044978308,1756.8786788110226,2193.5,3046.2
124,51.42788175,0.105524465,51.41584194,0.112857439,1757.0509781462063,2036.1,2210.3
125,51.37416342,0.086320067,51.36606303,0.107779586,1771.8308909070088,1921.3,2290.5
126,51.31565738,0.025023362,51.31091561,0.034283158,1779.41745402244,1856.0,1945.3
127,51.35857148,0.073985078,51.37122873,0.062962287,1788.3567875599667,1935.9,2238.4
128,51.37147176,0.068686801,51.40627666,0.060097572,1793.0229166121394,1923.1,2660.7
129,51.39427988,0.104971096,51.37663359,0.112234264,1806.7203295360148,2112.2,2402.4
130,51.36864637,0.070818232,51.36028963,0.06506045,1808.6651259351497,1918.1,2097.5
131,51.42788175,0.105524465,51.41584194,0.112857439,1810.586427774046,2036.1,2210.3
132,51.39628403,0.096271444,51.40898605,0.047999297,1812.8349347572575,1910.2,2371
133,51.41013177,0.072342218,51.4070535,0.1118169,1818.1019421268672,1907.6,2304.9
134,51.39701827,0.104627407,51.37505831,0.115385624,1825.128482736413,1910.6,2294.1
135,51.39767312,0.122802418,51.4186827,0.089239373,1826.214292160819,2166.3,2761.7
136,51.40193718,0.103592203,51.38120601,0.104420816,1846.802738369054,2022.8,2296
137,51.41233541,0.046427883,51.39338371,0.034509667,1866.25345343242,2060.4,2401.6
138,51.36857983,0.057222113,51.35882533,0.06753105,1881.562520333398,2166.4,2333.5
139,51.35588218,0.094209754,51.36761727,0.076869418,1897.360088445065,2034,2323.6
140,51.32108256,0.050994681,51.31609818,0.044757514,1910.24084833622,2471.2,2969.7
141,51.37683231,0.099069296,51.37933224,0.085650741,1939.7457145256894,2004,2200.4
142,51.3890823,0.0771568,51.3815272,0.079641865,1982.5664179843427,2142.6,2261.7
143,51.39601857,0.113486537,51.37974772,0.090789557,2006.753882550742,2014.9,2371.2
144,51.30416155,0.039242755,51.31567175,0.024935984,2014.9746305144001,2252.8,2546.9
145,51.38711195,0.114118836,51.39514659,0.120129373,2041.9295995764562,2274,2479.9
146,51.37721791,0.116302315,51.42030224,0.062968111,2050.72720375261,2207.2,2824.1
147,51.39301075,0.054110333,51.41429159,0.083080648,2061.0935684853225,2074.7,2585.6
148,51.38529316,0.071833938,51.36650713,0.066955769,2062.926009095756,2345.9,2730.8
149,51.39358263,0.10451188,51.42032168,0.062936434,2077.6158229472317,2125.7,3301.3
150,51.3793117,0.080113843,51.38142815,0.062155268,2084.497197527977,2319.1,2670.9
151,51.37721791,0.116302315,51.42030224,0.062968111,2086.3192876863163,2207.2999999999997,2824.1
152,51.38898298,0.076744794,51.40777315,0.073701447,2095.0727189377176,2223.1,3083.1
153,51.30327416,0.040716954,51.37294091,0.095718025,2115.5951575879544,2273.7000000000003,4048
154,51.37923381,0.079553563,51.38586813,0.066934181,2147.341274009069,2305.8,2532.2
155,51.37482288,0.115380734,51.37267907,0.117894607,2154.969567981641,2299.2,2400
156,51.39555682,0.125058612,51.38666309,0.034882103,2160.853515835322,2258.9,3377.7
157,51.31565738,0.025023362,51.31091561,0.034283158,2165.091180867783,2513.2,2602.9
158,51.40188847,0.057806042,51.38875116,0.057905434,2177.854450103106,2352.8,2572.6
159,51.31163924,0.034446932,51.32003394,0.030347804,2182.7493126690433,2335.5,3059.6
160,51.39301075,0.054110333,51.41429159,0.083080648,2185.4129242922427,2228.7,2585.6
161,51.36423502,0.103369729,51.38810085,0.074192602,2189.8374898663606,2273.2,2734.9
162,51.41029566,0.107649113,51.33557464,0.054136271,2192.6891433472647,2351.4,4175.9
163,51.40633166,0.08899047,51.41867467,0.089127254,2194.2950340896496,2431.5,2811.6
164,51.38978255,0.074533235,51.40362417,0.106200088,2201.163770465823,2528.9,3102.6
165,51.31110281,0.027943103,51.3045961,0.026831812,2211.994324888028,2434.9,2733.8
166,51.3729502,0.0958819,51.30326305,0.040776335,2255.44827593328,2340.5,3596
167,51.31927056,0.024726776,51.3110448,0.034115556,2267.472445535794,2624.2,2748.9
168,51.3880969,0.096164778,51.37253148,0.124369264,2269.302335262428,2556.3,3366
169,51.36345488,0.063295536,51.34639399,0.071743463,2289.304861507796,2429.8,2667.6
170,51.3724617,0.087353651,51.36525099,0.064260499,2299.1377123933066,2310.3,2970
171,51.38691711,0.103465104,51.3727182,0.117764809,2315.227920953999,2593.9,3031.1
172,51.38404238,0.074817861,51.38990524,0.083267905,2321.1317629966206,2398.7,2534.5
173,51.3361754,0.07617934,51.34375767,0.111132744,2329.098712468407,2935.5,3300.4
174,51.38692956,0.103397934,51.3768679,0.100681828,2342.2027918804492,2664.7,3061.6
175,51.36969307,0.0812557,51.36059178,0.091611038,2343.2352122663165,2409.6,2668
176,51.39431058,0.098350171,51.35765521,0.127646064,2358.5634381717027,2709.5,3192.5
177,51.38529316,0.071833938,51.36650713,0.066955769,2360.207163874701,2391.1,2730.8
178,51.42327118,0.069142149,51.41134553,0.056690121,2380.1440533287923,2603.1,2919.3
179,51.37931954,0.102333665,51.37162185,0.098886344,2394.1995202529747,2640.6,2789.6
180,51.36547136,0.088029855,51.40780629,0.073707318,2411.1976856457195,2869.1,3497.9
181,51.38929044,0.069958681,51.42037751,0.06290161,2429.2159538963715,2514.8,3006.7
182,51.37317481,0.106783479,51.37598849,0.09892467,2446.6793118172814,2551.6,2719.5
183,51.38355007,0.117901363,51.38040192,0.110040715,2451.181114757991,2701.9,2831.4
184,51.30549803,0.0424638,51.31018265,0.032919893,2456.2932489515333,2859.1,2964.5
185,51.38876406,0.074371195,51.39266284,0.083383331,2458.374396309422,2596.5,2899.3
186,51.37132328,0.080836675,51.36528406,0.064204699,2462.098056281781,2747,2970
187,51.38812079,0.096120024,51.41860456,0.089273256,2482.3670984043083,2712.5,3178.1
188,51.38811753,0.102900695,51.36529497,0.064243698,2513.3159476091932,2769,3424.2
189,51.36992496,0.10597466,51.39530624,0.05716806,2531.725113257908,2838.6,3482.6
190,51.30260683,0.017571122,51.31560643,0.024992939,2535.1045768070226,2822.6,3066.7
191,51.41134892,0.056657183,51.40658971,0.057009237,2554.5117846422254,2717.4,2795.3
192,51.36948552,0.112696575,51.35768242,0.127587986,2566.2697628277024,2926.5,3207.1
193,51.37906012,0.076404287,51.36634237,0.080259939,2569.580314805341,2869,3137.2
194,51.37321734,0.065031582,51.36066593,0.091502865,2589.2560678716136,2885,3442.3
195,51.38495919,0.062559676,51.36216919,0.091675839,2608.6399744293444,2613.3,3278.8
196,51.39681143,0.122952281,51.37778269,0.101561949,2621.3111519894524,2904.6,3485.5
197,51.39278765,0.103644882,51.41862358,0.103217362,2624.331805994203,2804.7,3580.2
198,51.30980032,0.040553684,51.31608126,0.044673879,2627.1072030356836,3122.4,3309.7
199,51.38545988,0.106718768,51.37493086,0.115391432,2634.1558334731358,2705,2930
200,51.38242002,0.078642377,51.40845211,0.097756755,2645.339110716573,2716.8,3152.2
201,51.38394039,0.094439402,51.38091574,0.084014368,2649.3924394255605,3087,3215.1
202,51.36755894,0.096144859,51.36638281,0.080360328,2649.4232763717096,2723.1,2911.3
203,51.41507264,0.074929799,51.41131818,0.075281785,2669.402742105844,2747.6,2842.4
204,51.40850163,0.09783227,51.38234341,0.078784917,2695.1518704608543,3027.8,3396.6
205,51.40633166,0.08899047,51.41867467,0.089127254,2697.8979799979397,2822.8,3327.9
206,51.37408307,0.03994058,51.37316805,0.088773688,2711.982952282146,3064.9,3737.3
207,51.39281627,0.03225434,51.36943087,0.035640468,2722.605642278861,3082.1,3468.5
208,51.39631155,0.096135677,51.40897551,0.047917703,2761.7950395086823,3173.8,3622
209,51.35923464,0.066991324,51.31447517,0.04163538,2776.4565734546404,2924.3,3655.2
210,51.37120457,0.062896792,51.35859003,0.073915001,2780.252720383735,2812.2,3186.1
211,51.3628857,0.108872767,51.37480003,0.11535739,2782.8570538509666,2945.2,3206.7
212,51.41013177,0.072342218,51.4070535,0.1118169,2787.322207939929,2927.7,3324.9
213,51.39151894,0.034552672,51.40006866,0.04519033,2816.372692685866,3216.4,3415.1
214,51.39542368,0.096387136,51.38382346,0.108835011,2829.3462879373733,3236.8,3550.9
215,51.3793117,0.080113843,51.38142815,0.062155268,2867.914978656073,3211.7,3532.4
216,51.31948916,0.024479619,51.37370981,0.096489379,2909.3535218402567,3105.9,4076.5
217,51.40130759,0.106570781,51.41122751,0.104802954,2935.6328397858642,3052.1,3251.6
218,51.37601988,0.050044272,51.36526639,0.064296762,2944.4850893263697,3499.9,3912.7
219,51.35095932,0.097520717,51.35248418,0.091903233,2969.7060708724753,3506.1,3607.9
220,51.31137647,0.027976682,51.36762526,0.104256823,2972.405116444501,3245.6,4323.5
221,51.36745433,0.095949479,51.36566294,0.079069063,2982.1936423741263,3193,3480.8
222,51.30816006,0.037072937,51.38895977,0.074486383,3003.522020148098,3384,4551.6
223,51.35026002,0.095266642,51.37671497,0.102577394,3005.7700019426043,3451.5,4025.1
224,51.40602095,0.064965738,51.40004019,0.045302603,3035.0280747374813,3195.6,3453.3
225,51.37876179,0.074607343,51.36607607,0.055048141,3062.357473719585,3150.1,3634.6
226,51.41029566,0.107649113,51.33557464,0.054136271,3070.3454531542566,3267.1,4355.4
227,51.37251065,0.078582401,51.41006806,0.07251923,3071.672851901619,3383.6,4288.2
228,51.40850163,0.09783227,51.38234341,0.078784917,3096.1150892703904,3292.1,3978.9
229,51.37269247,0.117678817,51.38677064,0.103397749,3121.282573200291,3225.2,3967.5
230,51.37408307,0.03994058,51.37316805,0.088773688,3125.8098473422665,3225.3,3737.3
231,51.40548099,0.106316962,51.38385928,0.094418946,3127.9666328231237,3463.4,3940
232,51.38716759,0.114185329,51.36593053,0.05536981,3150.7688184732597,3457.2,4120.1
233,51.38914765,0.076655817,51.3870516,0.08464437,3153.410976651164,3447,3557.6
234,51.42324632,0.061363324,51.40625898,0.071902587,3162.1303907859433,3363.1,3567.9
235,51.40470877,0.091345761,51.4039274,0.104881023,3197.102743110361,3235.4,3445.5
236,51.41791426,0.051846246,51.41767303,0.065854179,3198.2923740939896,3585.9,3796.2
237,51.41208539,0.053893554,51.37232245,0.10563849,3215.1623458523663,3610.2,4264.1
238,51.37482288,0.115380734,51.37267907,0.117894607,3216.5356224495126,3316.8,3408.5
239,51.39515007,0.120218232,51.38703823,0.114122302,3223.863772822256,3749.3,3981.2
240,51.36060055,0.091438651,51.37304149,0.10673024,3245.2493214914757,3442.3,3739.1
241,51.42327118,0.069142149,51.41134553,0.056690121,3246.262012205417,3811.4,4124.8
242,51.37613368,0.089687373,51.3897319,0.103891756,3287.109062714051,3532.6,3940.7
243,51.38569547,0.11271963,51.37392901,0.018890365,3303.3862489853514,3555.5,4822.5
244,51.35950961,0.085352305,51.36535548,0.064248291,3315.938787990561,3552.1,3840.1
245,51.31377965,0.026178015,51.38694337,0.035646153,3382.8604864981776,3465,4362.2
246,51.39693495,0.096933577,51.41808884,0.08975865,3392.796742937335,3844.9,4268.1
247,51.38571087,0.089045685,51.39149891,0.101008924,3429.8799843196425,3669.8,3860.5
248,51.38978255,0.074533235,51.40362417,0.106200088,3441.600042025088,3847,4266.5
249,51.38323493,0.11160446,51.40661806,0.115309203,3443.4165444301607,3670.7,4101.5
250,51.30251938,0.017507711,51.31568227,0.024863976,3448.7780703178732,3989.3,4235.1
251,51.37488656,0.048568207,51.36534569,0.064300192,3454.4099630252585,3633.8,3942.3
252,51.42034546,0.063080195,51.37712922,0.116182395,3467.26257339571,3781.2,4826.7
253,51.37959752,0.090783717,51.38974005,0.074662158,3467.462188793263,3715,3995.7
254,51.377832,0.078886636,51.37096417,0.089083956,3468.423290840772,3508.8,3705.1
255,51.37906012,0.076404287,51.36634237,0.080259939,3468.4872069434073,3891.1,4161.3
256,51.37488656,0.048568207,51.36534569,0.064300192,3481.711619178375,3633.8,3942.3
257,51.39555682,0.125058612,51.38666309,0.034882103,3487.2256694448124,4086,-1.0
258,51.37721791,0.116302315,51.42030224,0.062968111,3518.733021021065,3699.5,4730.8
259,51.30547794,0.042511946,51.31445769,0.041577092,3525.6086777929113,3863.3,4068
260,51.38766698,0.115283281,51.4142435,0.083040483,3530.805538668835,3793.1,4428
261,51.36604797,0.107725275,51.36572232,0.059628372,3535.833384306648,3899.8,4417.5
262,51.37923381,0.079553563,51.38586813,0.066934181,3536.1383147893157,3867.6,4080.5
263,51.41013177,0.072342218,51.4070535,0.1118169,3543.808401442153,3749.8,4141
264,51.37866652,0.120121744,51.37597724,0.102019576,3549.7686379640936,3826,4155.7
265,51.40650052,0.088996573,51.41860587,0.089089197,3554.910806936473,3991.5,4370.6
266,51.30472902,0.021958991,51.31601836,0.044605319,3577.2610664863646,3915.2,4507.7
267,51.36524849,0.064287037,51.37284464,0.08426868,3578.757455047199,3824.5,4022
268,51.36882878,0.055855459,51.36943614,0.035572271,3605.361639644752,3916.2,4268.3
269,51.3729502,0.0958819,51.30326305,0.040776335,3610.928392349054,3649,4878.7
270,51.35776868,0.127683299,51.36944517,0.112558845,3626.583419494627,4058.7,4510.6
271,51.37938573,0.085755665,51.37678983,0.09921877,3634.160164566026,4063.9,4244.7
272,51.38704357,0.084662317,51.39320888,0.031914395,3670.4991578747395,3853.7,4646.7
273,51.40535952,0.087949572,51.39727457,0.124915649,3674.63007342641,4036.2,4514.4
274,51.36948552,0.112696575,51.35768242,0.127587986,3712.397495086498,4220.9,4498.9
275,51.3161161,0.044473612,51.31931162,0.024668114,3724.737227803217,4138.4,4481.2
276,51.37737647,0.094895904,51.39525203,0.057153438,3725.081564097963,3833.9,4577.6
277,51.37135576,0.080887219,51.36533091,0.064200079,3740.49089436035,4046.9,4267.8
278,51.30813663,0.027688489,51.38953481,0.075663529,3756.8609417206176,3989.2,-1.0
279,51.40184829,0.057828133,51.38878015,0.057960467,3769.7971873333254,4041.5,4266.7
280,51.42037855,0.114632899,51.41432247,0.079254891,3840.2575536934855,4310.9,4683.2
281,51.42788175,0.105524465,51.41584194,0.112857439,3853.222295043455,4161.8,4337.9
282,51.42037855,0.114632899,51.41432247,0.079254891,3883.539754497259,4310.9,4683.3
283,51.38693709,0.103457134,51.37494724,0.115355019,3895.2696049061115,4105.4,4485.6
284,51.39118819,0.100662139,51.39429922,0.098933842,3896.290592200047,4202.1,4313
285,51.34681516,0.036275327,51.37480869,0.115331041,3904.5500771634333,4197.1,5102.1
286,51.33919066,0.052597802,51.37569207,0.1005414,3934.112523033058,4397,5023.8
287,51.38914765,0.076655817,51.3870516,0.08464437,3952.164642131586,3964.7,4130.4
288,51.37717772,0.116413115,51.420273,0.063068823,3969.4138332512694,4368.3,5150.3
289,51.37698559,0.048725043,51.3887895,0.057873212,3974.629832833635,4299.6,4716.6
290,51.38795302,0.119629135,51.36224958,0.091827439,3975.562460632309,4517.7,5099.6
291,51.38929044,0.069958681,51.42037751,0.06290161,4002.213336993986,4148,4644.7
292,51.38693709,0.103457134,51.37494724,0.115355019,4008.087802671974,4105.4,4485.6
293,51.35924438,0.085560622,51.36648276,0.066920382,4017.8005334167115,4284.2,4608.1
294,51.30804943,0.027698542,51.31597848,0.044611496,4018.6361411037005,4044.4,4354.6
295,51.31607237,0.044658091,51.31920788,0.024762509,4104.642317160828,4171.9,4480
296,51.35761114,0.127538599,51.36660928,0.058765451,4113.953753180192,4220.4,5060.5
297,51.37764443,0.083130387,51.3526431,0.089189394,4115.57589702081,4230.6,4600.3
298,51.42037855,0.114632899,51.41432247,0.079254891,4134.394075171472,4310.9,4683.400000000001
299,51.37388095,0.076073315,51.37877668,0.101722248,4135.97830478959,4343.4,4660.5
300,51.39291188,0.084909556,51.38916657,0.077168026,4139.937815466447,4199,4334.6
301,51.37388095,0.076073315,51.37877668,0.101722248,4161.304710003235,4343.4,4660.5
302,51.38167539,0.118936758,51.37497698,0.115386492,4164.041186912268,4284,4486.1
303,51.31606184,0.044506788,51.31571405,0.025216215,4178.436785078464,4220.2,4517.5
304,51.3604872,0.089537024,51.37600492,0.097636942,4188.5930524875275,4479.7,4697.3
305,51.40623853,0.060183084,51.3764875,0.020699047,4192.471016411276,4269.1,5022.6
306,51.38801554,0.096154803,51.41858101,0.089214035,4197.272168215525,4511.3,4978.1
