55,51.386437,0.065909,51.373289,0.089119,601.0112015892335,757.1,1221.5
56,51.362882,0.108944,51.367496,0.076858,621.5980299546541,707,1117.6
57,51.377739,0.116504,51.373289,0.089119,626.0851484509432,742.4,1183
58,51.395508,0.096271,51.373289,0.089119,634.8874056495442,660,1188.5
59,51.394739,0.075845,51.373289,0.089119,659.2066595840723,780.6,1250.3
60,51.359077,0.110302,51.373289,0.089119,677.6081889272848,845.8,1203.5
61,51.389245,0.069895,51.373289,0.089119,683.3200529119764,735,1129.4
62,51.312317,0.035579,51.373289,0.089119,689.0431087641502,809.2,1863.2
63,51.379202,0.101517,51.373289,0.089119,699.8096320605923,807.7,1076.7
64,51.363707,0.06882,51.373289,0.089119,700.530029384299,949.7,1363.2
65,51.35808,0.090973,51.373289,0.089119,713.667198821077,769.5,1050.8
66,51.362667,0.083672,51.373289,0.089119,719.0357379138342,814,1071.7
67,51.392991,0.054097,51.373289,0.089119,727.5370751996335,797.2,1337.2
68,51.363602,0.096649,51.373289,0.089119,730.6316238101205,750,1007
69,51.363579,0.098549,51.373289,0.089119,751.0327919288491,897.3,1100.9
70,51.385857,0.066954,51.373289,0.089119,760.8590376721803,789.1,1221.5
71,51.394784,0.123207,51.373289,0.089119,762.6881442568416,1033.4,1916.4
72,51.377739,0.116504,51.373289,0.089119,764.5494035243969,813.8,1183
73,51.390368,0.069627,51.373289,0.089119,765.5798874123296,842.5,1251.6
74,51.384008,0.078137,51.373289,0.089119,781.387932357881,822.5,1129.4
75,51.426309,0.090386,51.373289,0.089119,782.9891374070265,1015.1,1879.4
76,51.36975,0.081367,51.373289,0.089119,786.4465442274588,871.5,1051.3
77,51.363608,0.098554,51.373289,0.089119,805.1488124164157,896.9,1100.9
78,51.361702,0.097327,51.373289,0.089119,830.6197756535499,965.6,1268.9
79,51.362667,0.083672,51.373289,0.089119,834.0771600392497,841,1097.9
80,51.422627,0.107933,51.373289,0.089119,835.2165303326173,867.9,1879.4
81,51.359199,0.085731,51.373289,0.089119,840.7864582669343,1013.5,1292.6
82,51.386154,0.060555,51.373289,0.089119,846.9959763655922,984.4,1487.6
83,51.387278,0.089104,51.373289,0.089119,850.237203765656,906.7,1238.1
84,51.374589,0.107636,51.373289,0.089119,859.75182061025,906.9,1147.6
85,51.375015,0.014733,51.373289,0.089119,859.8451863258614,1147.1,1874.1
86,51.39686,0.096915,51.41796,0.089729,861.1960978214374,1024.6,1446.1
87,51.392798,0.032048,51.369474,0.035665,862.5306893199567,1044,1426.5
88,51.372613,0.016006,51.373289,0.089119,864.0925669195113,975.7,1585.3
89,51.372465,0.078545,51.375813,0.100675,867.751181675305,955.4,1169.7
90,51.363602,0.096649,51.373289,0.089119,872.6320188096134,1024.3,1280.1
91,51.426256,0.109774,51.373289,0.089119,882.3023542119054,1241.5,2022.8
92,51.375793,0.107093,51.373289,0.089119,895.8133801413874,1006.8,1301.9
93,51.377957,0.111321,51.373289,0.089119,906.4474981767112,1003.6,1303.8
94,51.403993,0.110542,51.373289,0.089119,907.3527707445609,1033.5,1597
95,51.306543,0.046027,51.373289,0.089119,937.0972625467249,1401.5,2480.9
96,51.406061,0.092701,51.426083,0.102051,938.4592485327577,1070.3,1417.4
97,51.393354,0.125955,51.373289,0.089119,954.791341757831,1335.7,1940.4
98,51.362667,0.083672,51.373289,0.089119,973.5150382769242,1059.4,1318.7
99,51.356318,0.099467,51.373289,0.089119,975.6561313737918,1219.8,1672.7
100,51.419111,0.075381,51.373289,0.089119,981.767200183041,1166.1,2106.7
101,51.312788,0.031036,51.373289,0.089119,988.96797517984,1208.8,2480.9
102,51.387592,0.114488,51.373289,0.089119,990.240841114133,1189.7,1613.3
103,51.381121,0.102078,51.407013,0.072698,995.539673435997,1093.3,1574.4
104,51.392836,0.096084,51.373289,0.089119,999.6268327902837,1155.1,1836.7
105,51.365175,0.038369,51.36752,0.076758,1002.5704367630691,1144.5,1565.7
106,51.38279,0.058729,51.365276,0.064394,1011.4361705431189,1220.6,1775.7
107,51.389065,0.076755,51.407709,0.073591,1014.8362828183837,1044.2,1368.4
108,51.312788,0.031036,51.373289,0.089119,1016.6865040359519,1208.8,2480.9
109,51.369122,0.063625,51.373289,0.089119,1019.7599344987317,1069.9,1399.1
110,51.37176,0.056793,51.373289,0.089119,1021.7407749972366,1175,1556.7
111,51.340601,0.110805,51.373289,0.089119,1022.856272879427,1326.9,1843.2
112,51.376235,0.122352,51.373289,0.089119,1027.6274946560516,1050,1477.3
113,51.387417,0.03888,51.373289,0.089119,1035.1507091575425,1226,1963.6
114,51.394739,0.075845,51.373289,0.089119,1065.3350729404765,1215,1685
115,51.371216,0.120965,51.373289,0.089119,1074.7451485264294,1178,1579.4
116,51.386313,0.045252,51.373289,0.089119,1083.0974824509562,1363.1,2001.2
117,51.423164,0.061406,51.407703,0.073603,1091.1912812283856,1230.6,1471.4
118,51.353438,0.095622,51.373289,0.089119,1094.9859896087135,1305.1,1672.7
119,51.356318,0.099467,51.373289,0.089119,1099.0869680386356,1219.8,1672.7
120,51.409062,0.062033,51.373289,0.089119,1104.6210402072684,1157.1,1791.4
121,51.35808,0.090973,51.373289,0.089119,1113.723510535033,1250,1531.4
122,51.387592,0.114488,51.373289,0.089119,1114.8652896686956,1189.7,1613.3
123,51.392027,0.111732,51.373289,0.089119,1128.7140263084489,1198.3,1597
124,51.387278,0.089104,51.373289,0.089119,1138.4773577564156,1193.2,1523.7
125,51.38334,0.116198,51.373289,0.089119,1150.284772169038,1376.9,1816.8
126,51.374059,0.0399,51.373289,0.089119,1162.4153226869273,1322.6,2062.9
127,51.358061,0.09107,51.373289,0.089119,1162.487165053088,1250.1,1531.4
128,51.405357,0.089945,51.373289,0.089119,1165.6142468114292,1555.8,2090.1
129,51.308226,0.037141,51.373289,0.089119,1169.165282206217,1318.6,2480.9
130,51.401226,0.116967,51.373289,0.089119,1170.6109069981028,1346.7,1916.4
131,51.394432,0.098349,51.369452,0.035717,1183.3984427575656,1544,2326
132,51.363608,0.098554,51.373289,0.089119,1185.745915305031,1229.5,1432.5
133,51.371462,0.068718,51.373289,0.089119,1199.226719862912,1310.5,1587.5
134,51.384917,0.082606,51.373289,0.089119,1207.394149575636,1377.3,1718.8
135,51.401988,0.103609,51.381191,0.104231,1215.6898744380092,1584.2,1962.1
136,51.386313,0.045252,51.373289,0.089119,1217.7881075594767,1354.1,1996.4
137,51.305445,0.020836,51.373289,0.089119,1219.7159781426346,1805,3048.5
138,51.421269,0.067668,51.373289,0.089119,1224.612159506533,1304.1,2047.1
139,51.352513,0.091851,51.373289,0.089119,1232.3803854211294,1391.6,1728.4
140,51.398217,0.058386,51.373092,0.087254,1236.4568207708369,1628.7,2180.5
141,51.352513,0.091851,51.373289,0.089119,1240.3645933652335,1391.6,1728.4
142,51.340601,0.110805,51.373289,0.089119,1242.2721200057651,1326.9,1843.2
143,51.371822,0.056715,51.373289,0.089119,1252.055946725142,1310.6,1821.4
144,51.392836,0.096084,51.373289,0.089119,1259.4347726201745,1375.6,1836.7
145,51.392991,0.054097,51.373289,0.089119,1286.656854708567,1417.4,1963.6
146,51.376122,0.017745,51.373289,0.089119,1306.836156671898,1595.3,2189.9
147,51.383683,0.055719,51.373289,0.089119,1333.6270781711273,1651.5,2247.4
148,51.392027,0.111732,51.373289,0.089119,1348.442382605907,1432.3,1826.4
149,51.374059,0.0399,51.373289,0.089119,1350.0038953942867,1537.4,2062.9
150,51.406061,0.092701,51.426083,0.102051,1368.9876817014444,1601.5,1954.1
151,51.367592,0.072076,51.373289,0.089119,1372.1924702120855,1496.3,1797
152,51.37176,0.056793,51.373289,0.089119,1377.7411503975914,1434.1999999999998,1821.4
153,51.379926,0.08453,51.373289,0.089119,1378.6631997328448,1509.4,1808.9
154,51.387278,0.089104,51.373289,0.089119,1395.6414805717843,1497.2,1831.6
155,51.371822,0.056715,51.373289,0.089119,1398.786255358872,1434.1,1821.4
156,51.386778,0.07701,51.373289,0.089119,1400.284420565717,1412.4,1756
157,51.395508,0.096271,51.373289,0.089119,1416.1234743261668,1584.1,2106.7
158,51.372641,0.097814,51.373289,0.089119,1434.007059980812,1459.2,1579.4
159,51.369122,0.063625,51.373289,0.089119,1434.8334118662801,1543.8,1874.1
160,51.381121,0.102078,51.407013,0.072698,1446.5517792946503,1482.9,1964.2
161,51.390716,0.105521,51.396915,0.106306,1447.505696703442,1538.1,1815.1
162,51.426256,0.109774,51.373289,0.089119,1452.596040651144,1542.7,2383.7
163,51.377192,0.083283,51.373289,0.089119,1467.4510576335388,1553,1765.6
164,51.392027,0.111732,51.373289,0.089119,1468.1545017203002,1483.8,1879.4
165,51.30615,0.042296,51.373289,0.089119,1496.5280374369613,2059,3170.1
166,51.395533,0.12514,51.386682,0.0346,1500.3106963724392,1847.2,2825.9
167,51.35808,0.090973,51.373289,0.089119,1510.4806208576606,1579.5,1860.8
168,51.376235,0.122352,51.373289,0.089119,1518.6217099146659,1731,2155.4
169,51.353438,0.095622,51.373289,0.089119,1519.8835047132604,1693.3,2061.4
170,51.363707,0.06882,51.373289,0.089119,1523.6077747493223,1670.6,2085.4
171,51.362608,0.097022,51.373289,0.089119,1527.519849351909,1580,1879
172,51.365635,0.098214,51.373289,0.089119,1536.447642053153,1580,1768.7
173,51.389245,0.069895,51.373289,0.089119,1542.8940074977402,1563.9,1963.6
174,51.359077,0.110302,51.373289,0.089119,1546.9809380015176,1654.4,2010.8
175,51.392836,0.096084,51.373289,0.089119,1550.8111558564192,1740.3,2198.5
176,51.419111,0.075381,51.373289,0.089119,1572.6970681598602,1720.2,2412.5
177,51.401988,0.103609,51.381191,0.104231,1576.1895543003757,1595.6,1962.1
178,51.387191,0.114103,51.366065,0.055464,1576.40136778099,1681.7,2624.6
179,51.305112,0.020112,51.392665,0.034982,1581.7292305001884,1812.4,3730.2
180,51.360806,0.10564,51.373289,0.089119,1585.8693821568982,1762.1,2127.5
181,51.385283,0.044986,51.369527,0.035625,1589.4412805726251,1817.2,2096
182,51.359444,0.085241,51.373289,0.089119,1604.9664134700774,1772.6,2061.6
183,51.36379,0.095382,51.373289,0.089119,1607.8358661842472,1641,1879
184,51.371216,0.120965,51.373289,0.089119,1634.070203157297,1864.2,2261.4
185,51.389245,0.069895,51.373289,0.089119,1645.441308724927,1674.6,2066.6
186,51.387122,0.078479,51.373289,0.089119,1654.4271968701207,1744.6,2104.7
187,51.38334,0.116198,51.373289,0.089119,1703.3709932185607,1767.5,2255.8
188,51.362212,0.091756,51.373289,0.089119,1711.5188845689122,1759.8,1965.7
189,51.312317,0.035579,51.373289,0.089119,1732.0538094486499,1933.4,3170.1
190,51.30615,0.042296,51.373289,0.089119,1735.742763102257,2059,3170.1
191,51.409601,0.053088,51.373289,0.089119,1748.2822840621666,2058.2,2771.5
192,51.332266,0.024189,51.373289,0.089119,1751.905467342366,1921.9,2748.4
193,51.30615,0.042296,51.373289,0.089119,1752.5532974262155,2059,3170.1
194,51.383856,0.117846,51.373289,0.089119,1771.0657624123598,1823,2255.8
195,51.305445,0.020836,51.373289,0.089119,1830.80812514904,1907.7,3048.5
196,51.363782,0.107029,51.373289,0.089119,1840.8077215371543,1979.3,2268.4
197,51.377739,0.116504,51.373289,0.089119,1847.862556892234,1902.3,2274.7
198,51.376235,0.122352,51.373289,0.089119,1850.5563021327898,2061,2485.4
199,51.389729,0.092299,51.373289,0.089119,1853.891320218617,1908.3,2315.9
200,51.332266,0.024189,51.373289,0.089119,1865.6142427621317,1921.9,2748.4
201,51.363608,0.098554,51.373289,0.089119,1871.2954904198152,1924.7,2127.5
202,51.395508,0.096271,51.373289,0.089119,1880.9696113803193,1916.8,2437.8
203,51.371462,0.068718,51.373289,0.089119,1881.752331201753,1929.5,2213.4
204,51.395533,0.12514,51.386682,0.0346,1921.607858040702,2139.7,3049.6
205,51.359077,0.110302,51.373289,0.089119,1938.9492885473348,2060,2436.7
206,51.377208,0.078399,51.373289,0.089119,1952.098277271637,1993.1,2234.1
207,51.361349,0.064287,51.373289,0.089119,1956.332487746923,2076,2371.2
208,51.417305,0.115911,51.373289,0.089119,1967.715651530035,2239.6,2900.7
209,51.391005,0.084979,51.373289,0.089119,1974.6134836733668,2031.3,2432.2
210,51.397662,0.122674,51.418611,0.089081,1989.1810088509983,2200.6,2722.8
211,51.425789,0.099036,51.373289,0.089119,2001.0994477377708,2082.9,2900.7
212,51.377192,0.083283,51.373289,0.089119,2008.5148329443975,2082.9,2295
213,51.36352,0.098566,51.373289,0.089119,2023.0637374244961,2040.6,2244.7
214,51.378707,0.099396,51.373289,0.089119,2023.8421028726905,2169.7,2367.7
215,51.360806,0.10564,51.373289,0.089119,2024.1555375044989,2153.4,2445.2
216,51.417305,0.115911,51.373289,0.089119,2040.8307779423408,2239.6,2900.7
217,51.363602,0.096649,51.373289,0.089119,2041.2286472653982,2193.8,2449.8
218,51.386437,0.065909,51.373289,0.089119,2052.4931700884244,2144.7,2595.9
219,51.359077,0.110302,51.373289,0.089119,2055.6182837646193,2078.7,2436.7
220,51.392918,0.032157,51.373289,0.089119,2056.1855098268456,2244.6,3057.1
221,51.384008,0.078137,51.373289,0.089119,2081.6852009732547,2148.8,2547.1
222,51.383258,0.08116,51.373289,0.089119,2085.330057349712,2211.4,2545.5
223,51.379202,0.101517,51.373289,0.089119,2089.824847041528,2115.4,2383.7
224,51.361702,0.097327,51.373289,0.089119,2097.4854891527098,2272.9,2638.7
225,51.379926,0.08453,51.373289,0.089119,2131.331648821179,2287,2587.3
226,51.383683,0.055719,51.373289,0.089119,2132.3310817428237,2345,3024
227,51.363782,0.107029,51.373289,0.089119,2144.187283257505,2193.9,2489.2
228,51.363475,0.098595,51.373289,0.089119,2145.940760658133,2240.2,2445.2
229,51.387265,0.089019,51.373289,0.089119,2148.5465593918257,2220.4,2611.4
230,51.306952,0.023171,51.373289,0.089119,2148.7602823893462,2595.5,3861.8
231,51.392592,0.0835,51.373289,0.089119,2156.447624426293,2247.1,2692.1
232,51.386778,0.07701,51.373289,0.089119,2159.2254033662753,2206.8,2547.1
233,51.313766,0.024346,51.373289,0.089119,2167.6928262557008,2775.3,3861.8
234,51.37245,0.084292,51.378905,0.100827,2176.0941742897558,2190.9,2399.7
235,51.394784,0.123207,51.373289,0.089119,2184.912857394952,2298.5,3030.2
236,51.377208,0.078399,51.373289,0.089119,2185.8222678934862,2224.5,2461.2
237,51.306952,0.023171,51.373289,0.089119,2187.739120485397,2595.5,3861.8
238,51.36049,0.089292,51.376034,0.097798,2189.106567723437,2270,2490.1
239,51.36714,0.120211,51.373289,0.089119,2205.5825775193002,2351.3,2709.4
240,51.389729,0.092299,51.373289,0.089119,2209.350125425034,2251.8,2709.3
241,51.384008,0.078137,51.373289,0.089119,2227.9294710495105,2252,2564.1
242,51.387191,0.114103,51.366065,0.055464,2231.0248684054504,2276.4,2940.7
243,51.386437,0.065909,51.373289,0.089119,2235.6766404388004,2501.2,2954.7
244,51.387265,0.089019,51.373289,0.089119,2236.2157728019156,2277.3,2611.4
245,51.391431,0.048291,51.373289,0.089119,2239.680197397331,2488.3,3057.1
246,51.363707,0.06882,51.373289,0.089119,2242.9746972724656,2453.1,2866.5
247,51.408169,0.098927,51.373289,0.089119,2249.9419178622065,2501.4,3072.6
248,51.312317,0.035579,51.373289,0.089119,2253.574677705752,-1.0,-1.0
249,51.389729,0.092299,51.373289,0.089119,2256.2272366327593,2307.7,2709.3
250,51.376235,0.122352,51.373289,0.089119,2270.2134024042475,2412,2841.1
251,51.37245,0.084292,51.378905,0.100827,2277.68789645055,2309.4,2518.5
252,51.387592,0.114488,51.373289,0.089119,2280.779780628323,2424.2,2856.1
253,51.390716,0.105521,51.396915,0.106306,2290.1652148562616,2402.5,2675.7
254,51.361702,0.097327,51.373289,0.089119,2292.6597628472136,2337.6,2638.7
255,51.386778,0.07701,51.373289,0.089119,2310.1185657829515,2434.7,2777.3
256,51.363475,0.098595,51.373289,0.089119,2314.637759622726,2370.6,2575.5
257,51.362913,0.069291,51.377894,0.101348,2321.5624853665827,2513.2,2881.8
258,51.362212,0.091756,51.373289,0.089119,2324.6422380099275,2386.3,2592.2
259,51.363579,0.098549,51.373289,0.089119,2341.118599034754,2372.0,2575.5
260,51.360806,0.10564,51.373289,0.089119,2349.4726531563783,2454.1,2750.1
261,51.406868,0.076718,51.373289,0.089119,2356.543209647976,2505.9,3078.8
262,51.394739,0.075845,51.373289,0.089119,2357.1607787263592,2597.1,3073.2
263,51.394784,0.123207,51.373289,0.089119,2362.5661001253447,2453.2,3030.2
264,51.384917,0.082606,51.373289,0.089119,2368.1678109160403,2541.1,2887.4
265,51.384008,0.078137,51.373289,0.089119,2374.4973402071255,2401.7,2777.3
266,51.369122,0.063625,51.373289,0.089119,2378.379845811978,2514.2,2842.1
267,51.372641,0.097814,51.373289,0.089119,2383.0016385035988,2440.2,2562.3
268,51.361349,0.064287,51.373289,0.089119,2396.727255898556,2523.5,2818.7
269,51.377192,0.083283,51.373289,0.089119,2402.4298688872245,2492,2699.6
270,51.38495,0.062738,51.373289,0.089119,2406.3846984055735,2526,3024
271,51.378707,0.099396,51.373289,0.089119,2406.7777259629775,2530,2727.9
272,51.387592,0.114488,51.373289,0.089119,2409.406672998698,2433.1,2856.1
273,51.378707,0.099396,51.373289,0.089119,2411.8253294913507,2530,2727.9
274,51.397737,0.051201,51.373289,0.089119,2423.5500303185104,2976.2,3633.7
275,51.409601,0.053088,51.373289,0.089119,2443.5684159754583,2632.5,3347.6
276,51.392836,0.096084,51.373289,0.089119,2444.5499153681635,2634.8,3096.3
277,51.369569,0.093063,51.373289,0.089119,2455.866166710524,2486.7,2599.8
278,51.360806,0.10564,51.373289,0.089119,2491.011232315936,2601,2897.1
279,51.395508,0.096271,51.373289,0.089119,2506.260013555662,2749.2,3274.3
280,51.38334,0.116198,51.373289,0.089119,2515.2910149832214,2610.5,3133.4
281,51.387191,0.114103,51.366065,0.055464,2524.4652785367366,2754.6,3417.3
282,51.36318,0.109239,51.373289,0.089119,2532.7433926984527,2593.7,2908.2
283,51.36318,0.109239,51.373289,0.089119,2552.841338486131,2593.7999999999997,2908.2
284,51.374589,0.107636,51.373289,0.089119,2580.1824200927044,2627.7,2866.6
285,51.383258,0.08116,51.373289,0.089119,2581.7744406134734,2691.3,3025.5
286,51.312788,0.031036,51.373289,0.089119,2588.2746910083183,2860.2,3861.8
287,51.403993,0.110542,51.373289,0.089119,2594.5166552665814,2983,3615.3
288,51.384917,0.082606,51.373289,0.089119,2599.4680686679662,2751.1,3097.4
289,51.387592,0.114488,51.373289,0.089119,2600.4665420117194,2711.7,3133.4
290,51.369122,0.063625,51.373289,0.089119,2655.0839664543537,2679.2,3004.3
291,51.36714,0.120211,51.373289,0.089119,2657.897959902797,2795.3,3156.1
292,51.362212,0.091756,51.373289,0.089119,2661.757260106474,2694.7,2900.2
293,51.369122,0.063625,51.373289,0.089119,2662.068587613344,2679.2,3004.3
294,51.366691,0.082858,51.373289,0.089119,2673.8742346723566,2737.6,2895.6
295,51.359444,0.085241,51.373289,0.089119,2676.0880630326105,2789.2,3080.5
296,51.389245,0.069895,51.373289,0.089119,2687.9566033171245,2818.2,3211.6
297,51.312317,0.035579,51.373289,0.089119,2696.701879446339,3042,4437.5
298,51.38678,0.079373,51.373289,0.089119,2719.6243413342104,2812.4,3201.8
299,51.392836,0.096084,51.373289,0.089119,2734.2013052988787,2880.3,3338.5
300,51.362608,0.097022,51.373289,0.089119,2774.848078580283,2921,3177.4
301,51.362667,0.083672,51.373289,0.089119,2788.2678442277397,2910.4,3160.9
302,51.397793,0.09717,51.373289,0.089119,2791.8311069961737,3066.2,3600
303,51.374589,0.107636,51.373289,0.089119,2796.1959538484284,2839.3,3078
304,51.38533,0.071763,51.366476,0.066757,2801.3609371516854,2945.9,3289.4
305,51.383856,0.117846,51.373289,0.089119,2802.7342458717158,2839.3,3323.9
306,51.382804,0.058775,51.373289,0.089119,2808.648985320423,3144.1,3715.4
307,51.387265,0.089019,51.373289,0.089119,2812.4008408057266,2872.9,3203
308,51.383856,0.117846,51.373289,0.089119,2821.9289862700903,2863.7,3323.9
309,51.36318,0.109239,51.373289,0.089119,2831.4855991687064,2993.8,3303.5
310,51.387417,0.03888,51.373289,0.089119,2841.0372935987825,2931.8,3676
311,51.363579,0.098549,51.373289,0.089119,2848.4132117167933,2873.5,3077.4
312,51.383163,0.081111,51.373289,0.089119,2849.9726897328514,2918.9,3252.9
313,51.366122,0.100181,51.373289,0.089119,2856.39760033252,2971.2,3180
314,51.401677,0.108956,51.373289,0.089119,2861.3981339526968,2916.1,3615.3
315,51.383856,0.117846,51.373289,0.089119,2873.372861353266,2899,3323.9
316,51.332266,0.024189,51.373289,0.089119,2894.000765335899,3236,4067.2
317,51.304181,0.039261,51.373289,0.089119,2907.7897921305535,3241.3,4437.5
318,51.366691,0.082858,51.373289,0.089119,2912.2211080531815,3006.3,3160.9
319,51.384597,0.103294,51.416012,0.117947,2976.2996191018024,3024.2,3554.9
320,51.359444,0.085241,51.373289,0.089119,2980.8619204153947,3087.4,3374.7
321,51.386313,0.045252,51.373289,0.089119,2985.9666140596323,3114.1,3924.2
322,51.365635,0.098214,51.373289,0.089119,3008.4983661144447,3039.8,3224.7
323,51.409062,0.062033,51.373289,0.089119,3019.495219282749,3132.3,3941.4
324,51.394739,0.075845,51.373289,0.089119,3019.8151526122256,3139.8,3644.4
325,51.401226,0.116967,51.373289,0.089119,3026.2961773781394,3238.1,3807.1
326,51.377192,0.083283,51.373289,0.089119,3027.1999291102684,3094.9,3301.7
327,51.360806,0.10564,51.373289,0.089119,3029.3267986390733,3172.1,3468.1
328,51.396666,0.103044,51.374848,0.115339,3035.8524246639713,3188.5,3539.1
329,51.36714,0.120211,51.373289,0.089119,3037.2828393199125,3060,3410.3
330,51.396677,0.113421,51.375202,0.099462,3049.785811641962,3112.7,3425.8
331,51.363602,0.096649,51.373289,0.089119,3055.4356034331186,3123.2,3379.2
332,51.359199,0.085731,51.373289,0.089119,3076.0596388307436,3093.5,3374.7
333,51.379926,0.08453,51.373289,0.089119,3078.991528517299,3181.8,3484.7
334,51.358061,0.09107,51.373289,0.089119,3080.7007521294063,3171.2,3452
335,51.405974,0.064899,51.373289,0.089119,3088.1081776701767,3246.8,3941.4
336,51.359176,0.085596,51.36659,0.066972,3100.825767811978,3244.8,3571.4
337,51.386181,0.070901,51.373289,0.089119,3119.765765782777,3273.4,3676
338,51.423588,0.109037,51.373289,0.089119,3121.865303866476,3542.1,4257
339,51.401988,0.103609,51.381191,0.104231,3131.7446037773434,3405.2,3773
340,51.422612,0.065082,51.411902,0.110079,3149.3596944906826,3429.5,3930.6
341,51.36318,0.109239,51.373289,0.089119,3165.098096844134,3180,3486.6
342,51.387122,0.078479,51.373289,0.089119,3167.302606349248,3279.9,3644.4
343,51.383258,0.08116,51.373289,0.089119,3169.068379646144,3332.8,3669.1
344,51.312317,0.035579,51.373289,0.089119,3189.613195588846,3509.7,4773.2
345,51.312317,0.035579,51.373289,0.089119,3201.488695203852,3509.7,4773.2
346,51.363707,0.06882,51.373289,0.089119,3204.3439130013085,3406.8,3814.2
347,51.371822,0.056715,51.373289,0.089119,3210.848879078651,3354.6,3741.4
348,51.384008,0.078137,51.373289,0.089119,3235.1564477080556,3326.4,3633.7
349,51.392991,0.054097,51.373289,0.089119,3236.2428759003856,3278.2,3977.5
350,51.369569,0.093063,51.373289,0.089119,3258.2463418282196,3296.6,3409.8
351,51.368284,0.082987,51.373289,0.089119,3266.615871171163,3343.7,3526.5
352,51.359444,0.085241,51.373289,0.089119,3279.1084835683523,3387.2,3674.7
353,51.36379,0.095382,51.373289,0.089119,3287.7763003317637,3342.1,3576.1
354,51.391431,0.048291,51.373289,0.089119,3287.9012281981,3380,3977.5
355,51.372859,0.1031,51.373289,0.089119,3293.687610383769,3310.7,3464.1
356,51.359077,0.110302,51.373289,0.089119,3294.2653651570113,3327.8,3768.6
357,51.398356,0.06212,51.373289,0.089119,3296.7850551281053,3744.1,4429.7
358,51.363707,0.06882,51.373289,0.089119,3302.9773658223567,3406.8,3814.2
359,51.374059,0.0399,51.373289,0.089119,3307.0763330124364,3440.2,3959.5
360,51.315575,0.034027,51.373289,0.089119,3308.106202803085,3531.9,5157.9
361,51.395533,0.12514,51.386682,0.0346,3311.697635367695,3587.4,4493.7
362,51.363707,0.06882,51.373289,0.089119,3328.938980559396,3406.8,3814.2
363,51.38495,0.062738,51.373289,0.089119,3329.6679185992266,3426.3,3924.2
364,51.356318,0.099467,51.373289,0.089119,3331.234564671513,3515.4,3972.2
365,51.368284,0.082987,51.373289,0.089119,3337.9251829513405,3399.9,3579.7
366,51.306543,0.046027,51.373289,0.089119,3346.6944598321206,3692.4,4773.2
367,51.360806,0.10564,51.373289,0.089119,3362.0983252468504,3476.4,3768.6
368,51.377192,0.083283,51.373289,0.089119,3373.871253997244,3390,3598.6
369,51.429247,0.107863,51.373289,0.089119,3382.882134870745,3788.3,4643.3
370,51.387592,0.114488,51.373289,0.089119,3386.3864338254984,3408,3832.6
371,51.39686,0.096915,51.41796,0.089729,3386.6451105011934,3452.8,3871.1
372,51.358061,0.09107,51.373289,0.089119,3400.770657848807,3499.8,3781
373,51.360806,0.10564,51.373289,0.089119,3406.968449852665,3476.4,3768.6
374,51.377957,0.111321,51.373289,0.089119,3414.2108469838518,3486.8,3791.8
375,51.308226,0.037141,51.373289,0.089119,3447.3011276831016,3608.6,4773.2
376,51.352513,0.091851,51.373289,0.089119,3458.6861811213016,3652.8,3987.2
377,51.332266,0.024189,51.373289,0.089119,3483.3732133539716,3686.1,4517.2
378,51.362608,0.097022,51.373289,0.089119,3485.2638718267985,3510,3768.1
379,51.393354,0.125955,51.373289,0.089119,3487.52048939063,3714.5,4454.4
380,51.332266,0.024189,51.373289,0.089119,3492.9510601401953,3686.1,4517.2
381,51.394739,0.075845,51.373289,0.089119,3494.055960191779,3656.4,4128.1
382,51.363475,0.098595,51.373289,0.089119,3496.200064596339,3563.4,3768.6
383,51.371822,0.056715,51.373289,0.089119,3504.364432505411,3560.6,3949.8
384,51.391005,0.084979,51.373289,0.089119,3530.9118240958755,3624.7,4026.8
385,51.37795,0.077552,51.376739,0.09954,3531.9945134925215,3614.7,3881.4
386,51.369122,0.063625,51.373289,0.089119,3541.445497458919,3615.6,3945
387,51.374951,0.014687,51.373289,0.089119,3555.2417287636117,3851.6,4509.1
388,51.389245,0.069895,51.373289,0.089119,3561.37668477522,3582.2,3977.5
389,51.387417,0.03888,51.373289,0.089119,3582.171420496016,3869.8,4524.7
390,51.406868,0.076718,51.373289,0.089119,3586.4090152736603,3829.3,4421
391,51.394739,0.075845,51.373289,0.089119,3615.477892961196,3656.4,4128.1
392,51.305445,0.020836,51.373289,0.089119,3642.4264273270405,4024,5157.9
393,51.332266,0.024189,51.373289,0.089119,3643.161522841841,3686.1,4517.2
394,51.362212,0.091756,51.373289,0.089119,3656.6306929342113,3757,3960.6
395,51.363608,0.098554,51.373289,0.089119,3659.8163350365257,3778.8,3981.8
396,51.415646,0.053651,51.373289,0.089119,3661.9475038903347,4000.4,4722.5
397,51.354732,0.101482,51.377414,0.100986,3669.905877151626,3735.4,4330.1
398,51.405357,0.089945,51.373289,0.089119,3670.022487331478,3849.5,4533.8
399,51.372613,0.016006,51.373289,0.089119,3696.199570950019,3895.9,4509.1
400,51.384597,0.103294,51.416012,0.117947,3712.2847238086288,3845.3,4369.6
401,51.387278,0.089104,51.373289,0.089119,3717.779864202647,3813.2,4146.1
402,51.359077,0.110302,51.373289,0.089119,3718.4409658434392,3896.8,4258.3
403,51.378707,0.099396,51.373289,0.089119,3744.05166697111,3850.7,4089.3
404,51.359444,0.085241,51.373289,0.089119,3753.9557027414353,3876.5,4162.7
405,51.393354,0.125955,51.373289,0.089119,3766.497417580261,3843.1,4454.4
406,51.354747,0.101483,51.377317,0.100887,3774.9738546798726,3817.2,4330.1
407,51.375793,0.107093,51.373289,0.089119,3781.832807768538,3936.8,4250.2
408,51.381592,0.103512,51.373289,0.089119,3782.3304730346845,3871.6,4181.5
409,51.387592,0.114488,51.373289,0.089119,3789.6884361452294,3842.9,4265.9
410,51.377192,0.083283,51.373289,0.089119,3804.544799328761,3874.9,4081.7
411,51.377957,0.111321,51.373289,0.089119,3813.9993284955353,3947.5,4250.8
412,51.383856,0.117846,51.373289,0.089119,3818.040311307543,3875.1,4403.2
413,51.384917,0.082606,51.373289,0.089119,3821.303513709832,3957.5,4298.8
414,51.387122,0.078479,51.373289,0.089119,3832.1093701228438,3906,4272.7
415,51.383683,0.055719,51.373289,0.089119,3834.695934994061,4020.9,4616
416,51.408169,0.098927,51.373289,0.089119,3841.60964315678,3959.8,4533.8
417,51.369122,0.063625,51.373289,0.089119,3843.8152144161973,4049.3,4376
418,51.371741,0.042793,51.373289,0.089119,3844.8400203012698,4100.4,4557.3
419,51.358061,0.09107,51.373289,0.089119,3848.4867666409195,3957.1,4239.1
420,51.378707,0.099396,51.373289,0.089119,3866.2785708063393,3890.8,4089.3
421,51.358061,0.09107,51.373289,0.089119,3867.0606053316055,3957.1,4239.1
422,51.305445,0.020836,51.373289,0.089119,3867.9636894193677,4024,5157.9
423,51.359077,0.110302,51.373289,0.089119,3872.1783968073723,3902.7,4258.3
424,51.419098,0.075533,51.373289,0.089119,3887.72556864228,4135.4,4830.5
425,51.372465,0.078545,51.375813,0.100675,3901.93094885208,3949.3,4166.2
426,51.387592,0.114488,51.373289,0.089119,3913.334260076446,3979,4403.2
427,51.363782,0.107029,51.373289,0.089119,3913.8294624701534,4062.1,4356.1
428,51.306543,0.046027,51.373289,0.089119,3932.3490514244654,4256.9,5339.3
429,51.365635,0.098214,51.373289,0.089119,3935.6742346627443,3998.5,4183.8
430,51.361349,0.064287,51.373289,0.089119,3948.4449437670096,4057.9,4353.1
431,51.384008,0.078137,51.373289,0.089119,3953.6257439634396,3962,4274.1
432,51.363782,0.107029,51.373289,0.089119,3956.6221007954537,4062.1,4356.1
433,51.361702,0.097327,51.373289,0.089119,3964.8028171157503,4113,4411.6
434,51.368284,0.082987,51.373289,0.089119,3967.133770997338,4033.4,4216.2
435,51.374589,0.107636,51.373289,0.089119,3967.8513009930007,4012.6,4250.2
436,51.383856,0.117846,51.373289,0.089119,3990.0071664750535,4077.3,4508.7
437,51.383856,0.117846,51.373289,0.089119,3992.0245257981624,4077.3,4508.7
438,51.381121,0.102078,51.407013,0.072698,4001.515663249994,4099.9,4577
439,51.389245,0.069895,51.373289,0.089119,4010.9388485734416,4035.7,4429.7
440,51.391474,0.048143,51.373289,0.089119,4019.055944104128,4105.1,4753.4
441,51.387278,0.089104,51.373289,0.089119,4025.9387986217544,4092.1,4421
442,51.387191,0.114103,51.366065,0.055464,4035.1047001181105,4052.4,4832.1
443,51.385857,0.066954,51.373289,0.089119,4040.9601773134664,4178.4,4610.9
444,51.362212,0.091756,51.373289,0.089119,4044.880794190143,4115.4,4319
445,51.383856,0.117846,51.373289,0.089119,4046.5289123037132,4077.3,4508.7
446,51.312317,0.035579,51.373289,0.089119,4053.766153585585,4123.3,5339.3
447,51.386154,0.060555,51.373289,0.089119,4058.4834585282906,4117.5,4616
448,51.372859,0.1031,51.373289,0.089119,4060.1713638964993,4090.7,4244.1
449,51.371552,0.121628,51.376815,0.099875,4062.1941807611483,4352.6,4683.8
450,51.352513,0.091851,51.373289,0.089119,4065.3481642518104,4246.5,4582.4
451,51.362212,0.091756,51.373289,0.089119,4073.4193635233714,4115.4,4319
452,51.368284,0.082987,51.373289,0.089119,4076.399443484268,4119.9,4299.7
453,51.332266,0.024189,51.373289,0.089119,4092.1181399915495,4550.5,-1.0
454,51.393375,0.071298,51.373289,0.089119,4101.73681562717,4193.5,4636.8
455,51.377739,0.116504,51.373289,0.089119,4105.510202705073,4333.2,4706.5
456,51.405966,0.064753,51.373289,0.089119,4116.224296411705,4425.5,5121.4
457,51.392991,0.054097,51.373289,0.089119,4128.684932667777,4207.1,4753.4
458,51.363782,0.107029,51.373289,0.089119,4133.0024564940095,4336.8,4708.6
459,51.426256,0.109774,51.373289,0.089119,4137.3792273810095,4347.6,5121.9
460,51.304181,0.039261,51.373289,0.089119,4145.453752013978,4614.6,-1.0
461,51.362212,0.091756,51.373289,0.089119,4161.986348255513,4194.1,4399.6
462,51.304181,0.039261,51.373289,0.089119,4170.574530291025,4614.6,-1.0
463,51.408169,0.098927,51.373289,0.089119,4186.376640909019,4322.5,4895.9
464,51.376235,0.122352,51.373289,0.089119,4195.804260707528,4487.5,4911.8
465,51.353438,0.095622,51.373289,0.089119,4198.644092192797,4382.6,4753.3
