42,51.3845364,0.103310544,51.41589031,0.117984441,608.0041765498561,736.3,1270.1
43,51.37551563,0.047846775,51.37338482,0.042685534,645.1187285587389,866.5,1017.5
44,51.37902399,0.076242534,51.36642084,0.080277074,651.2621141508411,768.5,1036.9
45,51.42738884,0.074905628,51.4076764,0.073539657,672.5756152958265,838.9,1120.7
46,51.31925086,0.024601654,51.31104547,0.03404217,677.8661397156742,780.5,1112
47,51.39527721,0.057172069,51.36996595,0.105998205,687.2211144722125,1140.1,1788.8
48,51.35476454,0.101842318,51.37481893,0.115336908,692.9119995315205,828.4,1249.3
49,51.41780587,0.051740187,51.39517981,0.05713024,716.1332212782913,959.2,1420.3
50,51.39358263,0.10451188,51.42032168,0.062936434,724.6543559126724,877.7,1330.8
51,51.37251062,0.078565265,51.36525699,0.064194213,729.552201486626,825.9,1043.9
52,51.38716759,0.114185329,51.36593053,0.05536981,732.0206355407964,942.4,1604.2
53,51.36521092,0.038382338,51.3675019,0.076934375,738.7303058140045,958.1,1383.8
54,51.37304964,0.088613188,51.36569006,0.09821526,738.9190825803297,849.6,1005.3
55,51.38530312,0.071762027,51.36643697,0.066868323,745.2059247236817,883.6,1227.5
56,51.42037855,0.114632899,51.41432247,0.079254891,762.2502922427673,939.9,1228.7
57,51.31927056,0.024726776,51.3110448,0.034115556,801.7713179942463,1132.6,1255.2
58,51.42327118,0.069142149,51.41134553,0.056690121,804.2780357975965,1149.1,1461.4
59,51.31948699,0.024564587,51.37366621,0.096595918,838.5057975011088,1057.1,2031.3
60,51.39281627,0.03225434,51.36943087,0.035640468,844.643635955549,893.1999999999999,1279
61,51.42324632,0.061363324,51.40625898,0.071902587,845.0725168733376,1034.7,1239
62,51.38812079,0.096120024,51.41860456,0.089273256,870.78055454383,1069.5,1530
63,51.36521092,0.038382338,51.3675019,0.076934375,880.317471122907,958.1,1383.8
64,51.38141201,0.062290108,51.37925788,0.080308487,880.3669158823027,1315.1,1633
65,51.38847751,0.052517043,51.38665731,0.034768702,913.2607586868248,1300.8,1494
66,51.3793117,0.080113843,51.38142815,0.062155268,957.5706623276297,998.9,1315.1
67,51.41221577,0.12458087,51.41598191,0.118124479,970.011924094731,1193.2,1358.4
68,51.42034546,0.063080195,51.37712922,0.116182395,986.2478633308774,1145.8,1761.3
69,51.38429846,0.086099151,51.37261831,0.117657486,1039.281741223565,1168.9,1620.8
70,51.42788175,0.105524465,51.41584194,0.112857439,1050.8728136084164,1171.4,1347.6
71,51.39555682,0.125058612,51.38666309,0.034882103,1052.389464834005,1486.8,2393.7
72,51.38978701,0.05747409,51.39555509,0.10755329,1085.9090440452171,1372.3,1976.9
73,51.41013177,0.072342218,51.4070535,0.1118169,1089.1079433344407,1167.6,1559.5
74,51.41437005,0.110031554,51.41261396,0.122786458,1123.248019619127,1360.9,1495.1
75,51.36337843,0.070629015,51.35570449,0.088428813,1166.778472385301,1330.1,1570
76,51.36547136,0.088029855,51.40780629,0.073707318,1186.4278398060899,1286.3,1916.9
77,51.38323493,0.11160446,51.40661806,0.115309203,1213.8756806278664,1421.1,1779.2
78,51.38155623,0.079629586,51.39304429,0.084870896,1218.0016250284368,1262.5,1467.3
79,51.30260683,0.017571122,51.31560643,0.024992939,1240.5450905307373,1537.6,1885
80,51.38816403,0.102216152,51.41263886,0.122952729,1252.8284965991718,1509.7,1979.1
81,51.37138865,0.069108884,51.36607537,0.055037883,1255.4106892759582,1311.3,1518.3
82,51.39007203,0.083394074,51.38406298,0.074713682,1272.5405840650633,1462,1599.8
83,51.39213868,0.10444428,51.39281631,0.103563482,1278.060667914211,1585.4,1630.5
84,51.38885963,0.09001629,51.41085319,0.072796351,1396.432545483976,1521.1,1783.8
85,51.36992496,0.10597466,51.39530624,0.05716806,1426.0697125417682,1544.7,2191.3
86,51.39261419,0.08370253,51.41890379,0.067348328,1438.7415997528542,1455.3,1767.7
87,51.40650052,0.088996573,51.41860587,0.089089197,1440.4961594036658,1551.8,1937.1
88,51.38215149,0.094991541,51.37350884,0.1155199,1447.829985976399,1537.7,1848.2
89,51.36601813,0.055248328,51.38803388,0.07424627,1449.483657192098,1517.2,1908.2
90,51.35111426,0.097474569,51.35249416,0.091948085,1493.0205118460617,1724,1826.8
91,51.37251065,0.078582401,51.41006806,0.07251923,1505.8493910806887,1804.8,2364.3
92,51.39215059,0.104421427,51.39275196,0.103598546,1525.6680287491622,1585.6000000000001,1630
93,51.37252391,0.078693149,51.3757155,0.100636148,1533.8909305056093,1767.1,2043.7
94,51.41758555,0.091903523,51.39336878,0.071299647,1542.1299442750567,1631,2133.7
95,51.38177672,0.118846214,51.37496404,0.115476816,1557.629624162816,1737.7,1940.8
96,51.37736175,0.094851344,51.37376016,0.018019167,1561.1741030405808,1718.1,2370
97,51.30251938,0.017507711,51.31568227,0.024863976,1562.2111999382528,1636.7,1885.8
98,51.39525882,0.057132623,51.3910011,0.037410273,1581.123704494724,1778.1,2049.5
99,51.3054328,0.042435522,51.314609,0.041865351,1588.8523495839106,2056.7,2253.5
100,51.39631155,0.096135677,51.40897551,0.047917703,1601.091027095648,1750.9,2198.2
101,51.37565025,0.109488084,51.36647886,0.079250526,1606.2010343840627,1746.3,2050.4
102,51.39628403,0.096271444,51.40898605,0.047999297,1634.6099135871896,1852.5,2318.6
103,51.3725826,0.078650309,51.36534459,0.0642948,1648.7559530584851,1688.5,1896.7
104,51.38141201,0.062290108,51.37925788,0.080308487,1651.3891676777496,1887,2226
105,51.36533093,0.064295048,51.36867031,0.095116414,1674.146712482239,1896.7,2412
106,51.37571756,0.100609636,51.35935733,0.085370547,1686.091890025226,1902.8,2187.9
107,51.37949852,0.087629547,51.37845599,0.101866873,1692.1101689222608,1963.4,2190.2
108,51.31927056,0.024726776,51.3110448,0.034115556,1704.4436610164785,1921.5,2043.2
109,51.40132918,0.043831037,51.39699485,0.038880418,1718.4698427448075,2032.9,2159.8
110,51.37463877,0.045813697,51.36214965,0.038744054,1722.161333199606,2147,2375.7
111,51.4193977,0.1193898,51.41061921,0.14162448,1724.4664566840477,1916.6,2081.1
112,51.39693014,0.096090991,51.381536,0.079656877,1729.4438015040014,1873.4,2211.1
113,51.35695537,0.138163443,51.36565573,0.059588533,1756.3679219579694,2082.2,2772.4
114,51.38018681,0.084319248,51.38950489,0.074178689,1793.0363771071757,1909.7,2172.6
115,51.37696641,0.048873267,51.3889144,0.057862224,1794.8173881971816,2140.9,2556.3
116,51.34697655,0.036310069,51.30478946,0.021763012,1799.7947007196924,2057.9,2902.2
117,51.38495919,0.062559676,51.36216919,0.091675839,1801.4349586130324,1948.2,2604.3
118,51.42788175,0.105524465,51.41584194,0.112857439,1801.607257948216,2079.1,2255.6
119,51.37416342,0.086320067,51.36606303,0.107779586,1816.3871707090186,1866.4,2299.2
120,51.31565738,0.025023362,51.31091561,0.034283158,1823.97373382445,1885.5,2044.9
121,51.35857148,0.073985078,51.37122873,0.062962287,1832.9130673619766,2054.3,2357.3
122,51.39427988,0.104971096,51.37663359,0.112234264,1846.610480285852,1996.2,2286.4
123,51.37717772,0.116413115,51.420273,0.063068823,1846.7448912432822,1934.4,2701.9
124,51.36864637,0.070818232,51.36028963,0.06506045,1848.689687642417,1981.8,2159.9
125,51.42788175,0.105524465,51.41584194,0.112857439,1850.6109894813133,2079.1,2255.6
126,51.39628403,0.096271444,51.40898605,0.047999297,1852.859496464525,1865.2,2318.6
127,51.41013177,0.072342218,51.4070535,0.1118169,1858.1265038341346,1931.9,2334
128,51.39701827,0.104627407,51.37505831,0.115385624,1865.1530444436803,1915.6,2296.8
129,51.39767312,0.122802418,51.4186827,0.089239373,1866.2388538680864,2412.2,2934.6
130,51.40193718,0.103592203,51.38120601,0.104420816,1886.8273000763213,2195.9,2706.4
131,51.39515007,0.120218232,51.38703823,0.114122302,1900.748888226539,2222.4,2452.5
132,51.41233541,0.046427883,51.39338371,0.034509667,1920.199603289905,2176.6,2519.3
133,51.42312472,0.1092231,51.37599367,0.101983079,1956.0250021904797,2198.9,3455.9
134,51.37683231,0.099069296,51.37933224,0.085650741,1985.529868379949,2127.7,2321.7
135,51.3890823,0.0771568,51.3815272,0.079641865,2028.3505718386023,2131.9,2302.7
136,51.42738884,0.074905628,51.4076764,0.073539657,2037.3146774537265,2444,2725.5
137,51.37491194,0.115561505,51.40331214,0.120942848,2052.4926578115465,2300.4,3042
138,51.39601857,0.113486537,51.37974772,0.090789557,2076.6801223779457,2116.9,2939.5
139,51.31948916,0.024479619,51.37370981,0.096489379,2100.1920964772667,2222.3,3882.9
140,51.4126149,0.122745338,51.41613513,0.122235195,2112.9393242977485,2276.3,2486.6
141,51.38404238,0.074817861,51.38990524,0.083267905,2116.0216802911923,2276.9,2413.8
142,51.37721791,0.116302315,51.42030224,0.062968111,2124.819284467346,2359.2,2975.1
143,51.39301075,0.054110333,51.41429159,0.083080648,2135.1856492000584,2299.2,2655.8
144,51.38529316,0.071833938,51.36650713,0.066955769,2137.018089810492,2589.4,2936.6
145,51.39358263,0.10451188,51.42032168,0.062936434,2151.7079036619675,2244.7,2702.4
146,51.3793117,0.080113843,51.38142815,0.062155268,2158.5892782427127,2318.6,2663.8
147,51.37721791,0.116302315,51.42030224,0.062968111,2160.411368401052,2359.2999999999997,2975.1
148,51.30327416,0.040716954,51.37294091,0.095718025,2180.933807051289,2568.6,4047.8
149,51.37923381,0.079553563,51.38586813,0.066934181,2212.6799234724035,2303.7,2531.8
150,51.37482288,0.115380734,51.37267907,0.117894607,2220.3082174449755,2301.9,2401.2
151,51.31163924,0.034446932,51.32003394,0.030347804,2225.203080010913,2430.3,2955.8
152,51.39301075,0.054110333,51.41429159,0.083080648,2227.866691634112,2265.5,2622
153,51.36423502,0.103369729,51.38810085,0.074192602,2232.29125720823,2451.7,3039.3
154,51.41029566,0.107649113,51.33557464,0.054136271,2235.142910689134,2425.3,3773.7
155,51.36238577,0.091393796,51.36527679,0.064140708,2238.418977443432,2295.5,2654.7
156,51.40633166,0.08899047,51.41867467,0.089127254,2240.024868185817,2554.3,2939
157,51.38978255,0.074533235,51.40362417,0.106200088,2246.8936045619903,2294.1,2708.3
158,51.31110281,0.027943103,51.3045961,0.026831812,2257.7241589841956,2512.4,2641.4
159,51.3729502,0.0958819,51.30326305,0.040776335,2301.1781100294475,2452.7,4381.2
160,51.39305692,0.08486736,51.38913106,0.07702298,2302.9838323894237,2557.1,2696.9
161,51.37571756,0.100609636,51.35935733,0.085370547,2316.530745843843,2360.2,2641.7
162,51.3880969,0.096164778,51.37253148,0.124369264,2318.360635570477,2666.7,3090.2
163,51.36345488,0.063295536,51.34639399,0.071743463,2338.3631618158447,2457.3,2696.1
164,51.3724617,0.087353651,51.36525099,0.064260499,2348.1960127013554,2484.1,2814
165,51.38323493,0.11160446,51.40661806,0.115309203,2353.6589428918205,2588.4,3233.1
166,51.38404238,0.074817861,51.38990524,0.083267905,2359.5627849344423,2370.3,2505.2
167,51.3361754,0.07617934,51.34375767,0.111132744,2367.5297344062287,2832.7,3197.8
168,51.38692956,0.103397934,51.3768679,0.100681828,2380.633813818271,2479.1,2948.6
169,51.39431058,0.098350171,51.35765521,0.127646064,2395.962039723657,2694.6,3297.5
170,51.38529316,0.071833938,51.36650713,0.066955769,2397.6057654266556,2589.4,2936.6
171,51.42327118,0.069142149,51.41134553,0.056690121,2417.542654880747,2698.9,3013.6
172,51.38929044,0.069958681,51.42037751,0.06290161,2435.560923131399,2667.5,3158.8
173,51.37317481,0.106783479,51.37598849,0.09892467,2453.0242810523087,2642,2809.8
174,51.39548717,0.125034362,51.38724067,0.114263012,2453.127706610143,2675.1,3055.2
175,51.38355007,0.117901363,51.38040192,0.110040715,2457.6295095508526,2503.8,2660.1
176,51.30549803,0.0424638,51.31018265,0.032919893,2462.741643744395,2629.1,2733.4
177,51.38876406,0.074371195,51.39266284,0.083383331,2464.8227911022836,2660.1,2936.8
178,51.37132328,0.080836675,51.36528406,0.064204699,2468.5464510746424,2584.8,2814
179,51.38812079,0.096120024,51.41860456,0.089273256,2488.81549319717,2801.1,3268
180,51.38811753,0.102900695,51.36529497,0.064243698,2519.764342402055,2568.1,3438
181,51.36992496,0.10597466,51.39530624,0.05716806,2538.1735080507697,2656.2,3301.5
182,51.41134892,0.056657183,51.40658971,0.057009237,2557.5807158859725,2858.1,2939.4
183,51.36948552,0.112696575,51.35768242,0.127587986,2569.3386940714495,3047.6,3327.6
184,51.37906012,0.076404287,51.36634237,0.080259939,2572.649246049088,2871.7,3144.2
185,51.37321734,0.065031582,51.36066593,0.091502865,2592.3249991153607,2808.6,3201.5
186,51.38495919,0.062559676,51.36216919,0.091675839,2611.7089056730915,2726.7,3531.4
187,51.39681143,0.122952281,51.37778269,0.101561949,2624.3800832331995,2731,3575
188,51.39334445,0.125541367,51.40265395,0.117382102,2644.6692431474185,3027.7,3302.7
189,51.38322636,0.111545859,51.3693963,0.116092631,2656.611917329548,2888.3,3182.4
190,51.39278765,0.103644882,51.41862358,0.103217362,2659.6325713342985,2968.5,3474.2
191,51.30980032,0.040553684,51.31608126,0.044673879,2662.407968375779,2957,3153.7
192,51.38545988,0.106718768,51.37493086,0.115391432,2669.4565988132313,2811.8,3039.6
193,51.38242002,0.078642377,51.40845211,0.097756755,2680.6398760566685,2757.3,3190.4
194,51.41507264,0.074929799,51.41131818,0.075281785,2700.619341790803,2807.6,2902.4
195,51.31615195,0.04468465,51.32114972,0.051090188,2706.4878511753036,3239.7,3697.9
196,51.37097978,0.089319228,51.37785641,0.0789521,2712.113550634601,2836.5,3364.9
197,51.40633166,0.08899047,51.41867467,0.089127254,2714.8596601716863,2997.6,3379.9
198,51.37408307,0.03994058,51.37316805,0.088773688,2728.9446324558926,2778.6,3325.8
199,51.39281627,0.03225434,51.36943087,0.035640468,2739.5673224526076,3292.2,3678.5
200,51.35923464,0.066991324,51.31447517,0.04163538,2754.2288563985658,2941.9,3676.5
201,51.37120457,0.062896792,51.35859003,0.073915001,2758.02500332766,2852.5,3102.4
202,51.3628857,0.108872767,51.37480003,0.11535739,2760.629336794892,3123.9,3621.5
203,51.41013177,0.072342218,51.4070535,0.1118169,2765.094490883854,2992.1,3386.3
204,51.39151894,0.034552672,51.40006866,0.04519033,2794.144975629791,3176.8,3374.4
205,51.39542368,0.096387136,51.38382346,0.108835011,2807.1185708812986,3116.8,3430.9
206,51.36745433,0.095949479,51.36566294,0.079069063,2833.307827676516,2924.2,3117
207,51.31948916,0.024479619,51.37370981,0.096489379,2874.7463708606997,3132.9,4104.9
208,51.40130759,0.106570781,51.41122751,0.104802954,2901.0256888063072,3031.8,3374.1
209,51.37601988,0.050044272,51.36526639,0.064296762,2909.8779383468127,3330.4,3796
210,51.4275368,0.075044076,51.40782674,0.073669774,2922.5254678618603,3199.1,3639.5
211,51.35095932,0.097520717,51.35248418,0.091903233,2947.746449407966,3271.2,3371.9
212,51.35026002,0.095266642,51.37671497,0.102577394,2949.9944312024722,3217.7,3787.9
213,51.40602095,0.064965738,51.40004019,0.045302603,2979.2525039973493,3096.8,3344.6
214,51.37897039,0.07634033,51.36632024,0.080355388,2984.4666473226193,3057.6,3327.9
215,51.37876179,0.074607343,51.36607607,0.055048141,3011.796046304723,3327.8,3671.3
216,51.38804219,0.096168197,51.37253132,0.124409143,3016.40971727865,3391.5,3768.1
217,51.41029566,0.107649113,51.33557464,0.054136271,3024.3976967133217,3253.8,4344
218,51.37251065,0.078582401,51.41006806,0.07251923,3025.7250954606843,3161.6,4096.1
219,51.40850163,0.09783227,51.38234341,0.078784917,3050.1673328294555,3191.1,3564.3
220,51.37269247,0.117678817,51.38677064,0.103397749,3075.3348167593563,3314.1,3680.7
221,51.40548099,0.106316962,51.38385928,0.094418946,3077.4916022402135,3523.9,4000.1
222,51.38716759,0.114185329,51.36593053,0.05536981,3100.2937878903494,3166.1,4108.6
223,51.38914765,0.076655817,51.3870516,0.08464437,3102.935946068254,3477.5,3588
224,51.42324632,0.061363324,51.40625898,0.071902587,3111.655360203033,3209.9,3414.7
225,51.40470877,0.091345761,51.4039274,0.104881023,3146.627712527451,3306.8,3515.4
226,51.41791426,0.051846246,51.41767303,0.065854179,3147.8173435110793,3648,3857.9
227,51.41208539,0.053893554,51.37232245,0.10563849,3164.687315269456,3549.3,4201.8
228,51.36878997,0.055890479,51.36525905,0.064202924,3182.717954441779,3408.2,3580.4
229,51.37422756,0.06321361,51.37269481,0.097797834,3217.2413986078886,3563.5,3842.1
230,51.36060055,0.091438651,51.37304149,0.10673024,3238.6269472771082,3270.3,3565.3
231,51.42327118,0.069142149,51.41134553,0.056690121,3239.6396379910493,3341.7,3789.7
232,51.37613368,0.089687373,51.3897319,0.103891756,3280.4866884996836,3446.3,3766.3
233,51.38569547,0.11271963,51.37392901,0.018890365,3296.763874770984,3686.9,4577.7
234,51.35950961,0.085352305,51.36535548,0.064248291,3309.3164137761937,3450,3735.6
235,51.31377965,0.026178015,51.38694337,0.035646153,3376.23811228381,3925.9,4955.2
236,51.36527061,0.064409193,51.37250996,0.087408071,3404.341138449187,3438,3803.8
237,51.38323493,0.11160446,51.40661806,0.115309203,3406.1576408542596,3550.7,3909.2
238,51.30251938,0.017507711,51.31568227,0.024863976,3411.519166741972,3840.1,4085.7
239,51.37488656,0.048568207,51.36534569,0.064300192,3417.1510594493575,3491.7,3796
240,51.42034546,0.063080195,51.37712922,0.116182395,3430.003669819809,3619.9,4366.2
241,51.377832,0.078886636,51.37096417,0.089083956,3430.964771867318,3659.7,3853.4
242,51.37906012,0.076404287,51.36634237,0.080259939,3431.0286879699534,3635.5,3910.9
243,51.37488656,0.048568207,51.36534569,0.064300192,3444.253100204921,3491.7,3796
244,51.4126149,0.122745338,51.41613513,0.122235195,3453.533403426262,3738.5,3945.4
245,51.38166321,0.119106359,51.37479675,0.115463691,3459.417021822648,3629.6,3921.1
246,51.39555682,0.125058612,51.38666309,0.034882103,3464.931072089086,3873.5,4778.7
247,51.37721791,0.116302315,51.42030224,0.062968111,3496.438423665338,3700.1,4321.6
248,51.38766698,0.115283281,51.4142435,0.083040483,3501.635284541262,3607.4,4124
249,51.36604797,0.107725275,51.36572232,0.059628372,3506.663130179075,3560.6,4572.4
250,51.37923381,0.079553563,51.38586813,0.066934181,3506.9680606617426,3831.5,4065.4
251,51.41013177,0.072342218,51.4070535,0.1118169,3514.63814731458,3619.3,4015.3
252,51.37866652,0.120121744,51.37597724,0.102019576,3520.5983838365205,3797.2,4126.2
253,51.40650052,0.088996573,51.41860587,0.089089197,3525.7405528089,3713.1,4097.4
254,51.30472902,0.021958991,51.31601836,0.044605319,3548.0908123587915,-1.0,-1.0
255,51.3729502,0.0958819,51.30326305,0.040776335,3553.6575650630934,3686.8,-1.0
256,51.35776868,0.127683299,51.36944517,0.112558845,3569.3125922086665,3736.9,4028.8
257,51.37938573,0.085755665,51.37678983,0.09921877,3576.889337280066,3876.9,4057.1
258,51.37721791,0.116302315,51.42030224,0.062968111,3581.714935717422,3700.2,4321.6
259,51.38704357,0.084662317,51.39320888,0.031914395,3618.0539290261354,3672.3,4515.9
260,51.36948552,0.112696575,51.35768242,0.127587986,3655.8213506862235,4099.7,4378.5
261,51.3161161,0.044473612,51.31931162,0.024668114,3668.1610834029425,4181.5,4477.2
262,51.37737647,0.094895904,51.39525203,0.057153438,3668.5054196976885,3942.2,4459.9
263,51.37135576,0.080887219,51.36533091,0.064200079,3683.9147499600754,3947.9,4170.6
264,51.30813663,0.027688489,51.38953481,0.075663529,3700.284797320343,4011.6,-1.0
265,51.42788175,0.105524465,51.41584194,0.112857439,3713.249538670312,4135.7,4310.1
266,51.42037855,0.114632899,51.41432247,0.079254891,3743.5669981241163,4081.9,4373.5
267,51.39118819,0.100662139,51.39429922,0.098933842,3744.5879854180516,3890,4000.5
268,51.34681516,0.036275327,51.37480869,0.115331041,3752.847470381438,4012.6,4789.9
269,51.33919066,0.052597802,51.37569207,0.1005414,3782.409916251063,3926.4,4546.4
270,51.37590095,0.099035102,51.36053871,0.091445718,3787.7206000416777,3980.4,4229.2
271,51.38914765,0.076655817,51.3870516,0.08464437,3805.7727191402055,3887.8,3998.9
272,51.37717772,0.116413115,51.420273,0.063068823,3823.021910259889,3970.9,4591
273,51.38795302,0.119629135,51.36224958,0.091827439,3823.954538058563,4171.9,4747
274,51.38929044,0.069958681,51.42037751,0.06290161,3850.60541442024,3989,4595.3
275,51.35924438,0.085560622,51.36648276,0.066920382,3860.3181451649775,4104.9,4428.5
276,51.30804943,0.027698542,51.31597848,0.044611496,3861.1537528519666,4201.7,4845.599999999999
277,51.31607237,0.044658091,51.31920788,0.024762509,3947.159928909093,4219.5,4476
278,51.42037855,0.114632899,51.41432247,0.079254891,3965.9781070597546,4081.9,4373.6
279,51.37388095,0.076073315,51.37877668,0.101722248,3967.5623366778723,4066.3,4318.3
280,51.39291188,0.084909556,51.38916657,0.077168026,3971.52184735473,4192.4,4327.8
281,51.37388095,0.076073315,51.37877668,0.101722248,3992.8887418915187,4066.3,4318.3
282,51.36337843,0.070629015,51.35570449,0.088428813,4001.5595979305676,4341.9,4588.8
283,51.3946852,0.106367514,51.39690048,0.096901702,4008.562135329155,4300.4,4613.9
284,51.38167539,0.118936758,51.37497698,0.115386492,4011.298612238187,4159.2,4405.6
285,51.31606184,0.044506788,51.31571405,0.025216215,4025.6942104043833,4182.4,4513.6
286,51.38801554,0.096154803,51.41858101,0.089214035,4030.4953622086327,4300.3,4767.9
287,51.39425656,0.098838785,51.39123,0.100579389,4047.3718915924055,4064.1,4176.9
288,51.37938573,0.085755665,51.37678983,0.09921877,4056.1219430811443,4240,4421.4
289,51.37482288,0.115380734,51.37267907,0.117894607,4063.236020833565,4271.5,4364.7
290,51.41861003,0.11623439,51.4263666,0.104848524,4085.0849100684454,4249.8,4433.6
291,51.39542368,0.096387136,51.38382346,0.108835011,4088.4627185197455,4412.9,4815.7
292,51.35695537,0.138163443,51.36565573,0.059588533,4096.6415444631475,4478.7,5170.6
293,51.36527061,0.064409193,51.37250996,0.087408071,4110.56858237081,4296.8,4516.9
294,51.40686495,0.091664375,51.39688911,0.109515146,4112.972787364381,4598.2,4861.4
295,51.40013186,0.045310686,51.39147213,0.034523743,4150.71827355113,4284.4,4471.6
296,51.41791426,0.051846246,51.41767303,0.065854179,4159.8885067501515,4559.1,4767.2
