189,51.374059,0.0399,51.373289,0.089119,608.5333934118663,695.4,1275.3
190,51.356318,0.099467,51.373289,0.089119,611.445253395512,829.6,1303.3
191,51.401226,0.116967,51.373289,0.089119,617.2519183908377,958.6,1527.4
192,51.377208,0.078399,51.373289,0.089119,617.8733237637895,644,884.4
193,51.366122,0.100181,51.373289,0.089119,620.1269509974278,660.1,869.2
194,51.363707,0.06882,51.373289,0.089119,625.0374158974873,694.4,1106.5
195,51.386154,0.060555,51.373289,0.089119,625.5549721699277,662.3,1161.4
196,51.371741,0.042793,51.373289,0.089119,632.2911028323338,813.9,1275.3
197,51.401226,0.116967,51.373289,0.089119,634.7206418390031,958.6,1527.4
198,51.387265,0.089019,51.373289,0.089119,640.5149899966677,737.3,1063.4
199,51.371822,0.056715,51.373289,0.089119,641.557311217846,711.5,1100.2
200,51.387592,0.114488,51.373289,0.089119,642.0538712240941,708.9,1193.3
201,51.395508,0.096271,51.373289,0.089119,647.3036531562332,772.4,1481.9
202,51.332266,0.024189,51.373289,0.089119,647.9119612577916,813.2,1639.2
203,51.372859,0.1031,51.373289,0.089119,649.919445254543,667.6,821.8
204,51.36318,0.109239,51.373289,0.089119,657.9711831964291,666.9,978
205,51.372641,0.097814,51.373289,0.089119,663.8986158746393,700.2,822.3
206,51.384597,0.103294,51.416012,0.117947,664.2147874372318,914.1,1435.5
207,51.312788,0.031036,51.373289,0.089119,665.9019586590221,847.9,2367.5
208,51.38678,0.079373,51.373289,0.089119,670.8255861013712,741.2,1131.6
209,51.363707,0.06882,51.373289,0.089119,671.0587394268666,694.4,1106.5
210,51.371741,0.042793,51.373289,0.089119,680.4630180794318,813.9,1275.3
211,51.383258,0.08116,51.373289,0.089119,684.2105394663838,801.4,1162.8
212,51.363782,0.107029,51.373289,0.089119,687.10052964027,751.4,1039.9
213,51.387265,0.089019,51.373289,0.089119,702.5080142158221,737.3,1063.4
214,51.393354,0.125955,51.373289,0.089119,708.9782167334719,758.6,1364.2
215,51.384008,0.078137,51.373289,0.089119,717.5159478782418,825.9,1131.6
216,51.409601,0.053088,51.373289,0.089119,720.8867228387415,841.3,1763.7
217,51.393375,0.071298,51.373289,0.089119,722.1833620746738,1029.1,1500.2
218,51.332266,0.024189,51.373289,0.089119,725.142438136017,813.2,1639.2
219,51.397793,0.09717,51.373289,0.089119,725.1883958930289,853.1,1481.9
220,51.378707,0.099396,51.373289,0.089119,725.4096718812772,850.7,1048.3
221,51.360806,0.10564,51.373289,0.089119,725.4243873829372,802.1,1096.9
222,51.391005,0.084979,51.373289,0.089119,728.4690639538377,831.8,1232.6
223,51.389245,0.069895,51.373289,0.089119,730.6056822992759,750.7,1144.5
224,51.359077,0.110302,51.373289,0.089119,731.9602767239892,750,1220.2
225,51.306689,0.036265,51.373289,0.089119,733.2297849152568,957,2367.5
226,51.378707,0.099396,51.373289,0.089119,740.4837704573655,850.7,1048.3
227,51.401988,0.103609,51.381191,0.104231,742.0667633882301,995.3,1511.8
228,51.374589,0.107636,51.373289,0.089119,743.26324458301,801.2,1039.4
229,51.38571,0.060957,51.381513,0.079601,744.420813142093,865.2,1110.7
230,51.387191,0.114103,51.366065,0.055464,744.4910177515559,766.4,1566.5
231,51.392942,0.09599,51.362432,0.095065,746.2569134839138,992.1999999999999,1667.9
232,51.383163,0.081111,51.373289,0.089119,747.62914781637,796.9,1162.8
233,51.384597,0.103294,51.416012,0.117947,748.8130372108958,914.1,1435.5
234,51.392027,0.111732,51.373289,0.089119,753.958771508649,865,1258.8
235,51.378707,0.099396,51.373289,0.089119,755.0697763867291,847,1046.1
236,51.36714,0.120211,51.373289,0.089119,763.4361581639544,842.1,1243.5
237,51.352513,0.091851,51.373289,0.089119,764.3872251431947,951.9,1286.7
238,51.394784,0.123207,51.373289,0.089119,773.0824761553899,802,1476.3
239,51.417305,0.115911,51.373289,0.089119,775.9234716133526,786.2,1449.8
240,51.387191,0.114103,51.366065,0.055464,776.0027486829491,793.4,1566.5
241,51.359444,0.085241,51.373289,0.089119,779.5504622591413,956.9000000000001,1301.9
242,51.389245,0.069895,51.373289,0.089119,783.3193631960427,874.2,1273.7
243,51.359077,0.110302,51.373289,0.089119,783.5544266557866,863.2,1220.2
244,51.38674,0.0711,51.373289,0.089119,785.4560204588922,928.2,1456.4
245,51.312317,0.035579,51.373289,0.089119,792.2622273978867,1040.1,2237.4
246,51.371741,0.042793,51.373289,0.089119,793.4849142156789,956.5,1413.2
247,51.332266,0.024189,51.373289,0.089119,797.6410810908359,1407.6,2237.4
248,51.386437,0.065909,51.373289,0.089119,801.6123886344875,930.9,1423.8
249,51.383856,0.117846,51.373289,0.089119,802.3849585579864,1055.1,1565.8
250,51.369122,0.063625,51.373289,0.089119,803.5858460863003,903.4,1228.8
251,51.371741,0.042793,51.373289,0.089119,803.8005664048702,956.5,1413.2
252,51.422324,0.109729,51.373289,0.089119,809.9364382614513,908.8,1633.7
253,51.38495,0.062738,51.373289,0.089119,811.2889254418671,1119.7,1887.6
254,51.362608,0.097022,51.373289,0.089119,813.4327115388124,927.4,1194.3
255,51.353215,0.095823,51.373289,0.089119,813.8061801859182,928.4,1303.3
256,51.38334,0.116198,51.373289,0.089119,818.138718003429,1076.9,1698.8
257,51.362898,0.108847,51.382471,0.045073,818.5034576013413,1003.9,1769.6
258,51.359077,0.110302,51.373289,0.089119,819.4150617751875,863.2,1220.2
259,51.362898,0.108847,51.382471,0.045073,824.3343944482151,1003.9,1769.6999999999998
260,51.408169,0.098927,51.373289,0.089119,826.330698840628,1082.9,2010.7
261,51.377739,0.116504,51.373289,0.089119,827.9429036914385,1048.9,1421.7
262,51.397737,0.051201,51.373289,0.089119,828.5729269381209,1218.3,2028
263,51.363602,0.096649,51.373289,0.089119,831.8872474297962,963.2,1337.6
264,51.38593,0.101273,51.373289,0.089119,834.225540344351,1105.9,1699.9
265,51.376235,0.122352,51.373289,0.089119,835.1183698850251,1113.7,1539.3
266,51.314016,0.026048,51.369433,0.035627,836.2237463775306,1124.7,1840.8
267,51.36714,0.120211,51.373289,0.089119,840.109255442124,891.3,1243.5
268,51.36352,0.098566,51.373289,0.089119,841.992278996207,892.3,1096.9
269,51.393354,0.125955,51.373289,0.089119,845.198722145898,1219.2,1822.6
270,51.367592,0.072076,51.373289,0.089119,845.4581510510988,899.9,1198.3
271,51.36283,0.069857,51.373915,0.09662,858.6680831505437,1077,1454
272,51.374951,0.014687,51.373289,0.089119,858.7294138825954,1357.6,1995.1
273,51.372546,0.087542,51.373289,0.089119,859.2829376600992,871.1,963.7
274,51.372546,0.087542,51.373289,0.089119,867.9731384348578,871.1,963.7
275,51.363707,0.06882,51.373289,0.089119,875.1242895053357,1157.7,1564.9
276,51.371552,0.121628,51.376815,0.099875,879.482461683721,1082.6,1413.8
277,51.397793,0.09717,51.373289,0.089119,883.1580447097159,946.9,1481.9
278,51.361349,0.064287,51.373289,0.089119,884.56145440743,1125.1,1425.1
279,51.417305,0.115911,51.373289,0.089119,888.334351984707,971.6,1633.7
280,51.377208,0.078399,51.373289,0.089119,890.620606902751,922.9,1162.8
281,51.356958,0.138095,51.365711,0.059512,895.4489465011981,1188.8,1936.8
282,51.392836,0.096084,51.373289,0.089119,904.3784553254789,990.3,1474.8
283,51.391474,0.048143,51.373289,0.089119,912.9913016281085,1321.2,1893
284,51.417305,0.115911,51.373289,0.089119,916.9416136905196,971.6,1633.7
285,51.38678,0.079373,51.373289,0.089119,919.3994092044667,1113.8,1671.7
286,51.36379,0.095382,51.373289,0.089119,924.2215770578745,958.1,1194.3
287,51.359199,0.085731,51.373289,0.089119,924.8372244860307,951.2,1301.9
288,51.363782,0.107029,51.373289,0.089119,925.3902101412368,1085.1,1438.2
289,51.312317,0.035579,51.373289,0.089119,930.0144506185827,-1.0,-1.0
290,51.367544,0.096128,51.365274,0.064172,931.4308492276903,966.3,1295
291,51.411259,0.054505,51.373289,0.089119,934.5304828300345,1052.2,1763.7
292,51.419111,0.075381,51.373289,0.089119,934.6623547975857,1252.7,2287.6
293,51.393442,0.034359,51.373289,0.089119,938.3959293712231,1498.5,2384.5
294,51.359077,0.110302,51.373289,0.089119,939.431734007112,1115.8,1473.5
295,51.386313,0.045252,51.373289,0.089119,939.6197384913413,1406.7,2294.2
296,51.384008,0.078137,51.373289,0.089119,948.071494504053,960.9,1273.7
297,51.356318,0.099467,51.373289,0.089119,949.2566000033573,1222.5,1675.1
298,51.389065,0.076755,51.407709,0.073591,950.4483652068026,1208.9,1536.9
299,51.312317,0.035579,51.373289,0.089119,952.8393125312584,-1.0,-1.0
300,51.362608,0.097022,51.373289,0.089119,956.7550613860947,994,1337.6
301,51.383683,0.055719,51.373289,0.089119,957.001162351768,1291.8,1887.6
302,51.395533,0.12514,51.386682,0.0346,962.0353290259993,1057.4,2168.3
303,51.391431,0.048291,51.373289,0.089119,963.525106513325,1319.9,1893
304,51.361702,0.097327,51.373289,0.089119,966.0641913066534,1113,1411.6
305,51.354854,0.101794,51.373289,0.089119,977.2823461400882,1258.2,1696.1
306,51.359199,0.085731,51.373289,0.089119,979.0403565543478,1017,1301.9
307,51.387122,0.078479,51.373289,0.089119,983.0964909031757,1030.6,1456.4
308,51.377957,0.111321,51.373289,0.089119,989.9769087360929,1084,1425.7
309,51.383258,0.08116,51.373289,0.089119,990.4873776367449,1121.7,1456.4
310,51.405966,0.064753,51.373289,0.089119,990.5582151468535,1316.9,2167.8
311,51.411862,0.105866,51.362488,0.095046,993.1061495084696,1208.2,2023.6
312,51.387592,0.114488,51.373289,0.089119,994.0268316345073,1142.7,1565.8
313,51.30615,0.042296,51.373289,0.089119,996.8333202271328,-1.0,-1.0
314,51.423588,0.109037,51.373289,0.089119,997.5892276222188,1144.3,2418
315,51.362667,0.083672,51.373289,0.089119,999.7156007590416,1089.4,1374.4
316,51.384597,0.103294,51.416012,0.117947,1002.5001891430351,1303.1,1825.2
317,51.401677,0.108956,51.373289,0.089119,1005.4231013277591,1140.3,1840
318,51.372465,0.078545,51.375813,0.100675,1005.7245212784903,1039.3,1256.2
319,51.405966,0.064753,51.373289,0.089119,1006.359853303735,1316.9,2167.8
320,51.395533,0.12514,51.386682,0.0346,1006.8130874370354,1057.5,2168.3
321,51.362608,0.097022,51.373289,0.089119,1012.2739855341206,1042.7,1337.6
322,51.356958,0.138095,51.365711,0.059512,1019.5755829053458,1188.8,1936.8
323,51.376122,0.017745,51.373289,0.089119,1021.5860162829913,1314.2,1995.1
324,51.384008,0.078137,51.373289,0.089119,1027.7440554212822,1082,1423.8
325,51.371822,0.056715,51.373289,0.089119,1033.6369368313203,1131.1,1520.1
326,51.387265,0.089019,51.373289,0.089119,1035.006306181059,1141.8,1474.8
327,51.372859,0.1031,51.373289,0.089119,1035.3499353662608,1060.7,1214.1
328,51.373184,0.065185,51.375196,0.098807,1036.3758906637029,1166.2,1438.3
329,51.381592,0.103512,51.373289,0.089119,1037.9176992302025,1213.8,1517.5
330,51.387278,0.089104,51.373289,0.089119,1038.0963921863424,1141.5,1474.8
331,51.391474,0.048143,51.373289,0.089119,1039.244659874636,1321.2,1893
332,51.423287,0.062658,51.373289,0.089119,1040.3366067915094,1545.5,2497.4
333,51.372859,0.1031,51.373289,0.089119,1042.6458601927814,1060.7,1214.1
334,51.312317,0.035579,51.373289,0.089119,1043.84992182922,-1.0,-1.0
335,51.36318,0.109239,51.373289,0.089119,1044.300647332681,1120,1438.2
336,51.387278,0.089104,51.373289,0.089119,1045.4718753856257,1110.3,1444
337,51.36714,0.120211,51.373289,0.089119,1046.9186040883376,1205.3,1566.1
338,51.362882,0.108944,51.367496,0.076858,1047.0858321525786,1178.3,1591.9
339,51.308226,0.037141,51.373289,0.089119,1048.191483624953,-1.0,-1.0
340,51.360921,0.075825,51.386599,0.034845,1049.0706621503589,1280.4,1792.9
341,51.376235,0.122352,51.373289,0.089119,1053.7063128323714,1113.7,1539.3
342,51.384597,0.103294,51.416012,0.117947,1056.817072084805,1303.1,1825.2
343,51.408582,0.058203,51.373289,0.089119,1057.6438786080869,1106.4,1763.7
344,51.386778,0.07701,51.373289,0.089119,1063.4305189967745,1158.6999999999998,1500.2
345,51.387278,0.089104,51.373289,0.089119,1063.8274488922953,1110.3,1444
346,51.379202,0.101517,51.373289,0.089119,1067.9193758651502,1164.9,1436.3
347,51.36379,0.095382,51.373289,0.089119,1069.4172419957094,1099,1337.6
348,51.384597,0.103294,51.416012,0.117947,1071.7124106746548,1303.1,1825.2
349,51.38495,0.062738,51.373289,0.089119,1072.7331806036555,1119.7,1887.6
350,51.36352,0.098566,51.373289,0.089119,1078.194195113974,1109,1313
351,51.387592,0.114488,51.373289,0.089119,1082.9510839976485,1142.7,1565.8
352,51.409062,0.062033,51.373289,0.089119,1085.719997030656,1130.2,1763.7
353,51.377192,0.083283,51.373289,0.089119,1088.0635006440123,1196,1406.8
354,51.393125,0.075682,51.373289,0.089119,1088.2681910907131,1239.5,1671.7
355,51.401677,0.108956,51.373289,0.089119,1090.0597601482445,1140.3,1840
356,51.394784,0.123207,51.373289,0.089119,1091.9164215715105,1458.5,2129.5
357,51.387122,0.078479,51.373289,0.089119,1094.0143151081975,1139,1500.2
358,51.362882,0.108944,51.367496,0.076858,1100.4163225040659,1178.3,1591.9
359,51.362913,0.069291,51.377894,0.101348,1103.4481597049426,1147.2,1562.7
360,51.360806,0.10564,51.373289,0.089119,1103.7922883243536,1132.1,1424.7
361,51.360806,0.10564,51.373289,0.089119,1105.0791270512148,1132.1,1424.7
362,51.372641,0.097814,51.373289,0.089119,1106.6109991020028,1139.7,1261.4
363,51.363441,0.110437,51.373289,0.089119,1111.16029221618,1159.8,1438.2
364,51.38593,0.101273,51.373289,0.089119,1111.6818316602523,1171.9,1699.9
365,51.332266,0.024189,51.373289,0.089119,1111.7049505890986,-1.0,-1.0
366,51.418051,0.077129,51.373289,0.089119,1113.2494657651,1222.8,2287.6
367,51.387122,0.078479,51.373289,0.089119,1116.2558344237373,1140.6,1500.2
368,51.38495,0.062738,51.373289,0.089119,1117.5666445809677,1156.2,1887.6
369,51.374262,0.105042,51.373289,0.089119,1117.6969117674357,1270.9,1506.3
370,51.387592,0.114488,51.373289,0.089119,1118.568264239459,1142.7,1565.8
371,51.374262,0.105042,51.373289,0.089119,1119.3699168727044,1270.9,1506.3
372,51.381592,0.103512,51.373289,0.089119,1123.2560153412792,1213.8,1517.5
373,51.332266,0.024189,51.373289,0.089119,1129.8910177171695,-1.0,-1.0
374,51.387278,0.089104,51.373289,0.089119,1131.8950447529662,1257.2,1591.6
375,51.313766,0.024346,51.373289,0.089119,1132.2203582379861,-1.0,-1.0
376,51.369569,0.093063,51.373289,0.089119,1135.9710779927868,1197.1,1310.1
377,51.383163,0.081111,51.373289,0.089119,1147.6197492587335,1238.9,1572.9
378,51.36352,0.098566,51.373289,0.089119,1151.0582266177375,1220.2,1424.7
379,51.369122,0.063625,51.373289,0.089119,1151.682020980376,1291,1617.1
380,51.361702,0.097327,51.373289,0.089119,1152.5824397952395,1235.3,1536.1
381,51.435428,0.115935,51.373289,0.089119,1155.4009080489748,1387.4,2418
382,51.38334,0.116198,51.373289,0.089119,1157.0187862781488,1253.8,1698.8
383,51.38678,0.079373,51.373289,0.089119,1158.998537366944,1308.6,1695.4
384,51.359077,0.110302,51.373289,0.089119,1162.1594581230993,1267.5,1708.2
385,51.396677,0.113421,51.375202,0.099462,1163.329146068731,1453.3,1766.9
386,51.387265,0.089019,51.373289,0.089119,1167.3283072718546,1256.9,1591.6
387,51.393354,0.125955,51.373289,0.089119,1172.3824460764938,1219.2,1822.6
388,51.374951,0.014687,51.373289,0.089119,1175.126189157086,1357.6,1995.1
389,51.374951,0.014687,51.373289,0.089119,1181.7875613744543,1357.6,1995.1
390,51.359444,0.085241,51.373289,0.089119,1183.4571233063787,1286.9,1691.7
391,51.312788,0.031036,51.373289,0.089119,1185.775257444589,-1.0,-1.0
392,51.38593,0.101273,51.373289,0.089119,1194.837333904089,1227.6,1699.9
393,51.384597,0.103294,51.416012,0.117947,1196.5048858200919,1303.1,1825.2
394,51.365635,0.098214,51.373289,0.089119,1197.6409044831532,1251.6,1500.4
395,51.369828,0.089962,51.373289,0.089119,1197.7266382626956,1226.1,1374.4
396,51.429857,0.084437,51.373289,0.089119,1198.2543061835152,1675.8,2691.9
397,51.305445,0.020836,51.373289,0.089119,1200.4087844492842,-1.0,-1.0
398,51.360806,0.10564,51.373289,0.089119,1218.511479998868,1402.1,1698.1
399,51.411862,0.105866,51.362488,0.095046,1221.2147873708545,1247.2,2023.6
400,51.391474,0.048143,51.373289,0.089119,1225.2054424089945,1321.2,1893
401,51.421544,0.060143,51.382413,0.045041,1229.625494078417,1707.7,2340.2
402,51.312317,0.035579,51.373289,0.089119,1230.2782496849609,-1.0,-1.0
403,51.360806,0.10564,51.373289,0.089119,1230.3814377633184,1402.1,1698.1
404,51.421226,0.067638,51.373289,0.089119,1234.2943654902494,1633.1,2497.4
405,51.363475,0.098595,51.373289,0.089119,1235.7982000236207,1295.4,1500.4
406,51.38334,0.116198,51.373289,0.089119,1237.443995783853,1262.8,1698.8
407,51.392027,0.111732,51.373289,0.089119,1238.1777590693555,1402.5,1796.6
408,51.389245,0.069895,51.373289,0.089119,1242.1115324682494,1437.2,1968.5
409,51.312317,0.035579,51.373289,0.089119,1245.0101142464966,-1.0,-1.0
410,51.395508,0.096271,51.373289,0.089119,1252.6076594079116,1373,2010.7
411,51.421544,0.060143,51.382413,0.045041,1255.6247370288115,1707.7,2340.2
412,51.384008,0.078137,51.373289,0.089119,1257.9565881327014,1366,1671.7
413,51.426309,0.090386,51.373289,0.089119,1262.7880561739455,1760.3,2691.9
414,51.363579,0.098549,51.373289,0.089119,1262.9236594051188,1294,1500.4
415,51.391005,0.084979,51.373289,0.089119,1276.3958465193073,1465.7,2086.6
416,51.313766,0.024346,51.373289,0.089119,1287.777697097438,-1.0,-1.0
417,51.332266,0.024189,51.373289,0.089119,1287.8200163042839,1826,2657.2
418,51.362651,0.083601,51.373289,0.089119,1292.2679362555043,1425.1,1682.1
419,51.423164,0.061406,51.407703,0.073603,1293.979846350345,1835.0,2133.9
420,51.426256,0.109774,51.373289,0.089119,1294.435023245045,1639.7,2418
421,51.363579,0.098549,51.373289,0.089119,1296.3954365854345,1407.5,1612.1
422,51.387278,0.089104,51.373289,0.089119,1297.6389719276735,1407.2,1741.6
423,51.315575,0.034027,51.373289,0.089119,1300.7970321667588,-1.0,-1.0
424,51.36318,0.109239,51.373289,0.089119,1301.121754272165,1394.5,1708.2
425,51.397793,0.09717,51.373289,0.089119,1307.1188124251305,1453.4,2010.7
426,51.36975,0.081367,51.373289,0.089119,1310.2863080651086,1381.6,1561.4
427,51.36714,0.120211,51.373289,0.089119,1313.4521735011826,1475.3,1836.1
428,51.36352,0.098566,51.373289,0.089119,1315.896887829103,1408.1,1612.1
429,51.377208,0.078399,51.373289,0.089119,1316.413769685563,1362.4,1603.7
430,51.361702,0.097327,51.373289,0.089119,1318.5432769207723,1450.4,1751.3
431,51.36318,0.109239,51.373289,0.089119,1320.3768762692423,1394.6,1708.2
432,51.395533,0.12514,51.386682,0.0346,1321.5348191428086,1755.6,3054.6
433,51.371552,0.121628,51.376815,0.099875,1325.6505405936723,1562.6,2006.3
434,51.353438,0.095622,51.373289,0.089119,1328.6416660140735,1594.6,1964.4
435,51.359199,0.085731,51.373289,0.089119,1333.2119758837903,1406.3,1691.7
436,51.377739,0.116504,51.373289,0.089119,1334.6807152806034,1572.3,1944.7
437,51.363602,0.096649,51.373289,0.089119,1341.1084562039207,1443.2,1699.2
438,51.383163,0.081111,51.373289,0.089119,1343.0365344500794,1424,1755
439,51.37245,0.084292,51.378905,0.100827,1343.2314807450678,1350.8,1559.6
440,51.393354,0.125955,51.373289,0.089119,1344.878064160867,1767.6,2388.9
441,51.386154,0.060555,51.373289,0.089119,1348.6662010919788,1477.9,2028
442,51.352513,0.091851,51.373289,0.089119,1348.6858627653917,1578.7,1913.9
443,51.305445,0.020836,51.373289,0.089119,1351.9861948098971,-1.0,-1.0
444,51.387265,0.089019,51.373289,0.089119,1355.6173028676349,1406.9,1740.9
445,51.371822,0.056715,51.373289,0.089119,1361.8790561864676,1474.6,1856.6
446,51.377739,0.116504,51.373289,0.089119,1364.964535271512,1572.3,1944.7
447,51.378707,0.099396,51.373289,0.089119,1366.902791079966,1499,1700.7
448,51.410224,0.107669,51.407785,0.07365,1370.0924207428618,1886.4,2323
449,51.392027,0.111732,51.373289,0.089119,1371.6045746484745,1402.5,1796.6
450,51.386313,0.045252,51.373289,0.089119,1373.296502011556,1406.7,2294.2
451,51.387417,0.03888,51.373289,0.089119,1380.764548185637,1654.1,2384.5
452,51.392592,0.0835,51.373289,0.089119,1384.409404876351,1697,2226.1
453,51.394739,0.075845,51.373289,0.089119,1384.5154453152545,1614.8,2086.6
454,51.374059,0.0399,51.373289,0.089119,1386.663551334239,1547.3,2067.8
455,51.375793,0.107093,51.373289,0.089119,1386.9630957127242,1591.2,1889.4
456,51.409062,0.062033,51.373289,0.089119,1387.6680368912318,1441.3,2167.8
457,51.396666,0.103044,51.374848,0.115339,1389.8309257935316,1840.6,2193.1
458,51.386154,0.060555,51.373289,0.089119,1390.728538417799,1477.9,2028
459,51.384597,0.103294,51.416012,0.117947,1391.000667911899,1682.6,2208.3
460,51.392592,0.0835,51.373289,0.089119,1394.293482231256,1697,2226.1
461,51.384597,0.103294,51.416012,0.117947,1395.507563841252,1682.6,2208.3
462,51.362608,0.097022,51.373289,0.089119,1395.9816682372468,1413,1751.3
463,51.389065,0.076755,51.407709,0.073591,1400.125721233533,1855.4,2179.4
464,51.419111,0.075381,51.373289,0.089119,1401.9983188845129,1571,2287.6
465,51.358061,0.09107,51.373289,0.089119,1408.8340610971318,1546.8,1829.3
466,51.37176,0.056793,51.373289,0.089119,1413.2479324523608,1474.6999999999998,1856.6
467,51.359444,0.085241,51.373289,0.089119,1416.5432988040832,1557,1844.6
468,51.354854,0.101794,51.373289,0.089119,1417.5150602322776,1661.3,2127.5
469,51.365635,0.098214,51.373289,0.089119,1418.0815745817165,1484,1668.9
470,51.408169,0.098927,51.373289,0.089119,1420.5367319008174,1892.3,2739.6
471,51.354747,0.101483,51.377317,0.100887,1424.7519189919485,1665,2173.6
472,51.419125,0.07225,51.400319,0.108353,1434.3920426852517,1715.1,2573.5
473,51.371741,0.042793,51.373289,0.089119,1435.1837818303025,1616.5,2349.1
474,51.36318,0.109239,51.373289,0.089119,1441.7452528667689,1693.2,2025.4
475,51.311086,0.034008,51.373289,0.089119,1446.4842983004585,-1.0,-1.0
476,51.377192,0.083283,51.373289,0.089119,1449.1016296660443,1552.5,1771.7
477,51.356958,0.138095,51.365711,0.059512,1452.3760784404883,1870.4,2621.7
478,51.392796,0.072216,51.367227,0.104178,1458.2145196983108,1731.8,2529.2
479,51.36318,0.109239,51.373289,0.089119,1463.4309411819095,1693.3,2025.4
480,51.312788,0.031036,51.373289,0.089119,1465.4930243982667,-1.0,-1.0
481,51.391005,0.084979,51.373289,0.089119,1465.8835352234166,1474,2086.6
482,51.376122,0.017745,51.373289,0.089119,1466.736914759857,1785.1,2482.4
483,51.340601,0.110805,51.373289,0.089119,1475.7955888591625,1744.3,2444.7
484,51.372859,0.1031,51.373289,0.089119,1475.8396960030645,1569.3,1723
485,51.377192,0.083283,51.373289,0.089119,1476.6930555179242,1552.5,1771.7
486,51.374059,0.0399,51.373289,0.089119,1495.800761995199,1547.3,2067.8
487,51.361349,0.064287,51.373289,0.089119,1499.6821409921295,1649,1945.5
488,51.383258,0.08116,51.373289,0.089119,1501.3508829480645,1624.6,1963.2
489,51.385857,0.066954,51.373289,0.089119,1502.2972318292607,1593,2028
490,51.394739,0.075845,51.373289,0.089119,1504.4532730864273,1614.8,2086.6
491,51.377192,0.083283,51.373289,0.089119,1504.8069932198991,1552.5,1771.7
492,51.38674,0.0711,51.373289,0.089119,1507.3365386639498,1745.7,2153.5
493,51.375793,0.107093,51.373289,0.089119,1512.100563585648,1591.2,1889.4
494,51.366122,0.100181,51.373289,0.089119,1514.564937050705,1626.2,1834.1
495,51.387122,0.078479,51.373289,0.089119,1522.621569507091,1585.8,1968.5
496,51.395508,0.096271,51.373289,0.089119,1522.9816611628755,1882.1,2646.5
497,51.369569,0.093063,51.373289,0.089119,1530.274609316181,1584.5,1696.1
498,51.352513,0.091851,51.373289,0.089119,1533.1475175418777,1578.7,1913.9
499,51.391431,0.048291,51.373289,0.089119,1533.1889243118421,1646.6,2294.2
500,51.366691,0.082858,51.373289,0.089119,1535.1067942244142,1565.8,1720.2
501,51.359077,0.110302,51.373289,0.089119,1535.2982884017588,1785.8,2226.7
502,51.386437,0.065909,51.373289,0.089119,1536.133428119377,1743.5,2539.8
503,51.385857,0.066954,51.373289,0.089119,1538.1858411796852,1896.9,2358.5
504,51.36318,0.109239,51.373289,0.089119,1539.8654315251456,1693.3999999999999,2025.4
505,51.379202,0.101517,51.373289,0.089119,1542.1278528315397,1585,1873.4
506,51.387592,0.114488,51.373289,0.089119,1544.1488827053481,1711.2,2129.5
507,51.386154,0.060555,51.373289,0.089119,1545.5074666346889,1993,2495.2
508,51.311086,0.034008,51.373289,0.089119,1545.8488122668946,-1.0,-1.0
509,51.400292,0.10827,51.41914,0.072061,1547.039176165732,1928.8,2334.4
510,51.387265,0.089019,51.373289,0.089119,1552.7537411796584,1676.6,2010.7
511,51.38495,0.062738,51.373289,0.089119,1552.9953443593072,1796.8,2539.8
512,51.377192,0.083283,51.373289,0.089119,1553.5146020352222,1565.1,1771.7
513,51.306689,0.036265,51.373289,0.089119,1556.1124533829543,-1.0,-1.0
514,51.397793,0.09717,51.373289,0.089119,1566.3493036950572,1776.2,2512
515,51.368284,0.082987,51.373289,0.089119,1568.5668785256942,1629.9,1809.7
516,51.306543,0.046027,51.373289,0.089119,1571.4734152432852,-1.0,-1.0
517,51.409062,0.062033,51.373289,0.089119,1576.5789559884827,1785.4,2497.4
518,51.387592,0.114488,51.373289,0.089119,1578.3322227509248,1711.2,2129.5
519,51.375015,0.014733,51.373289,0.089119,1581.2158381830347,1825.6,2482.4
520,51.400049,0.059786,51.373289,0.089119,1589.7646403684057,2092.9,2749.1
521,51.375793,0.107093,51.373289,0.089119,1593.6667237615757,1715.2,2109.3
522,51.360806,0.10564,51.373289,0.089119,1594.5348433985193,1822.1,2134.1
523,51.397221,0.046395,51.373289,0.089119,1595.909164538465,2091.5,2745.3
524,51.383163,0.081111,51.373289,0.089119,1597.9633943537747,1620.1,1963.2
525,51.377957,0.111321,51.373289,0.089119,1600.3638537612437,1640.6,1944.7
526,51.30615,0.042296,51.373289,0.089119,1611.331475967193,-1.0,-1.0
527,51.363608,0.098554,51.373289,0.089119,1613.0426645918776,1790.4,2019.1
528,51.372859,0.1031,51.373289,0.089119,1614.716288754517,1637,1789
529,51.374059,0.0399,51.373289,0.089119,1617.235255101951,1702.1,2349.1
530,51.384917,0.082606,51.373289,0.089119,1620.3464619439346,1830.7,2169.7
531,51.383856,0.117846,51.373289,0.089119,1630.5558045702626,1917.3,2348.7
532,51.384008,0.078137,51.373289,0.089119,1631.0331730712007,1661.1,1968.5
533,51.36714,0.120211,51.373289,0.089119,1631.6575964402905,1708,2195.8
534,51.393375,0.071298,51.373289,0.089119,1632.2842465445585,1745.4,2283.4
535,51.386154,0.060555,51.373289,0.089119,1633.0321921158989,1993,2495.2
536,51.369122,0.063625,51.373289,0.089119,1634.8321299552072,1725,2054.7
537,51.394739,0.075845,51.373289,0.089119,1635.1983440242639,1964.6,2507.3
538,51.353215,0.095823,51.373289,0.089119,1635.9089976235202,1730.3,2127.5
539,51.371822,0.056715,51.373289,0.089119,1638.6150400288693,1882.5,2270.5
540,51.389729,0.092299,51.373289,0.089119,1647.4140515623137,1763.3,2167.8
541,51.361479,0.107549,51.373289,0.089119,1650.187902837617,1889.9,2248.2
542,51.36714,0.120211,51.373289,0.089119,1653.320388251084,1708,2195.8
543,51.392592,0.0835,51.373289,0.089119,1660.3075253935692,1697,2226.1
544,51.391474,0.048143,51.373289,0.089119,1665.7040420883245,1717.1,2294.2
545,51.363782,0.107029,51.373289,0.089119,1670.1224627707795,1735.9,2025.4
546,51.366122,0.100181,51.373289,0.089119,1672.207122952797,1771,1979.9
547,51.371216,0.120965,51.373289,0.089119,1680.001667081653,1959.6,2511.8
548,51.372546,0.087542,51.373289,0.089119,1684.8740466983272,1725.3,1821.1
549,51.304181,0.039261,51.373289,0.089119,1687.5322689361215,-1.0,-1.0
550,51.377192,0.083283,51.373289,0.089119,1688.9368003453749,1710,1918.6
551,51.393125,0.075682,51.373289,0.089119,1698.5715469141783,1850,2283.4
552,51.353215,0.095823,51.373289,0.089119,1703.4234807788687,1730.3,2127.5
553,51.359077,0.110302,51.373289,0.089119,1704.895190716734,1785.8,2226.7
554,51.306689,0.036265,51.373289,0.089119,1706.4216543654343,-1.0,-1.0
555,51.389729,0.092299,51.373289,0.089119,1708.2841529549598,1958.7,2407.1
556,51.383856,0.117846,51.373289,0.089119,1711.473693888731,1917.3,2348.7
557,51.392592,0.0835,51.373289,0.089119,1712.240761025603,1777.1,2226.1
558,51.372641,0.097814,51.373289,0.089119,1713.0563486866108,1751.5,1873.4
559,51.396677,0.113421,51.375202,0.099462,1715.6941151080287,1960.7,2275.7
560,51.365635,0.098214,51.373289,0.089119,1715.732765018847,1752,2019.1
561,51.372613,0.016006,51.373289,0.089119,1724.409039668527,1871.5,2482.4
562,51.377957,0.111321,51.373289,0.089119,1725.4502805183681,1798.9,2109.3
563,51.423135,0.061397,51.406253,0.071931,1726.2938538945712,1834.6,2161.7
564,51.36714,0.120211,51.373289,0.089119,1727.6669328768496,1925.3,2286.1
565,51.37258,0.082055,51.376987,0.097059,1732.9982832295887,1752.9,1945.6
566,51.386181,0.070901,51.373289,0.089119,1734.8196223822542,1754.7,2153.5
567,51.359077,0.110302,51.373289,0.089119,1735.038741497678,1785.8,2226.7
568,51.362667,0.083672,51.373289,0.089119,1743.527291260997,1788.8,2043.8
569,51.392592,0.0835,51.373289,0.089119,1747.7198918684007,2019.7,2469.1
570,51.392027,0.111732,51.373289,0.089119,1751.0025392303373,1993.2,2388.9
571,51.392991,0.054097,51.373289,0.089119,1752.5786667483821,1840.2,2384.5
572,51.387417,0.03888,51.373289,0.089119,1758.3445033100916,1918.5,2745.3
573,51.406061,0.092701,51.426083,0.102051,1760.1285015271164,2078.1,2526.9
574,51.374059,0.0399,51.373289,0.089119,1764.285395553407,1828.7,2349.1
575,51.39086,0.103895,51.407694,0.073487,1767.0948718647742,2078.3,2413.5
576,51.395508,0.096271,51.373289,0.089119,1769.3682404979545,1882.1,2646.5
577,51.363475,0.098595,51.373289,0.089119,1773.4773583840542,1811.1,2019.1
578,51.377957,0.111321,51.373289,0.089119,1776.6110188379728,1800.9,2109.3
579,51.381592,0.103512,51.373289,0.089119,1776.8651245853007,1940.8,2247.7
580,51.358061,0.09107,51.373289,0.089119,1782.4284183224204,1947.8,2226
581,51.389666,0.120895,51.362571,0.095189,1783.2176655634416,2179.7,2750.8
582,51.383856,0.117846,51.373289,0.089119,1784.5570308358504,1917.3,2348.7
583,51.394784,0.123207,51.373289,0.089119,1785.6386043484817,1822.1,2408.5
584,51.387122,0.078479,51.373289,0.089119,1789.2201560381395,1907.2,2267.5
585,51.383683,0.055719,51.373289,0.089119,1790.0774611355646,1935.9,2539.8
586,51.372859,0.1031,51.373289,0.089119,1792.3689780876284,1839.3,2033.4
587,51.369122,0.063625,51.373289,0.089119,1797.7995516036563,1986.1,2311.2
588,51.371462,0.068718,51.373289,0.089119,1798.9433695712119,1951.9,2223.2
589,51.402296,0.109148,51.373289,0.089119,1799.4320615075308,2058.2,2739.6
590,51.360806,0.10564,51.373289,0.089119,1800.1630880147231,1838,2134.1
591,51.365635,0.098214,51.373289,0.089119,1800.4222897816433,1878,2065.8
592,51.361479,0.107549,51.373289,0.089119,1800.7216128724567,1889.9,2248.2
593,51.359077,0.110302,51.373289,0.089119,1802.118558361085,1868.8,2226.7
594,51.384597,0.103294,51.416012,0.117947,1807.3775800406374,2105.7,2629.6
595,51.406868,0.076718,51.373289,0.089119,1811.1423635425647,1921.8,2497.4
596,51.411709,0.113374,51.373289,0.089119,1816.2954025453466,2077.7,2691.9
597,51.419125,0.07225,51.400319,0.108353,1821.0037108504039,1960.4,2573.5
598,51.386154,0.060555,51.373289,0.089119,1821.4322889070331,1993,2495.2
599,51.387592,0.114488,51.373289,0.089119,1825.2118642615735,2157,2719.8
600,51.363602,0.096649,51.373289,0.089119,1825.3759968302581,1923.2,2264.3
601,51.306543,0.046027,51.373289,0.089119,1831.5142298935082,-1.0,-1.0
602,51.387122,0.078479,51.373289,0.089119,1833.2313824252558,1907.2,2267.5
603,51.363602,0.096649,51.373289,0.089119,1834.2245111939849,1923.2,2264.3
604,51.408582,0.058203,51.373289,0.089119,1836.9359722054683,1905.2,2912.6
605,51.386154,0.060555,51.373289,0.089119,1837.536996204838,1993,2495.2
606,51.434171,0.003511,51.373289,0.089119,1841.4083678444977,-1.0,-1.0
607,51.363441,0.110437,51.373289,0.089119,1842.236415565692,1970.3,2248.2
608,51.306689,0.036265,51.373289,0.089119,1848.1427391224065,-1.0,-1.0
609,51.400292,0.10827,51.41914,0.072061,1850.4781682502094,1928.8,2334.4
610,51.372859,0.1031,51.373289,0.089119,1850.7860549849465,1880.9,2033.4
611,51.368284,0.082987,51.373289,0.089119,1851.558638988845,1891.5,2072
612,51.392836,0.096084,51.373289,0.089119,1851.7964610244264,2166.2,2621
613,51.425058,0.106869,51.373289,0.089119,1859.1399213130087,1936.8,2691.9
614,51.363707,0.06882,51.373289,0.089119,1860.9388296697555,2107,2517.4
615,51.315575,0.034027,51.373289,0.089119,1861.6074741914083,-1.0,-1.0
616,51.384597,0.103294,51.416012,0.117947,1864.7532682939884,2105.7,2629.6
617,51.389245,0.069895,51.373289,0.089119,1867.8765399743813,1963.9,2358.5
618,51.391474,0.048143,51.373289,0.089119,1870.5669141661053,2251.5,2894.5
619,51.386181,0.070901,51.373289,0.089119,1872.8482048186065,2137.4,2538.3
620,51.359077,0.110302,51.373289,0.089119,1874.0799560721107,2059.8,2417.7
621,51.406061,0.092701,51.426083,0.102051,1874.9817242177314,2078.1,2526.9
622,51.373184,0.065185,51.375196,0.098807,1878.0197203502712,1949.3,2220.9
623,51.387265,0.089019,51.373289,0.089119,1879.9604914878116,1956.1,2287.6
624,51.362212,0.091756,51.373289,0.089119,1881.2599620214246,1923.8,2127.5
625,51.426256,0.109774,51.373289,0.089119,1881.806223232827,2425.9,3313.7
626,51.312317,0.035579,51.373289,0.089119,1884.2049737576199,2503.6,3984.6
627,51.407665,0.057023,51.373289,0.089119,1890.26617211589,1933.7,2912.6
628,51.35808,0.090973,51.373289,0.089119,1891.829701265494,1947.7,2226
629,51.421269,0.067668,51.373289,0.089119,1892.3891497804873,2468.7,3119.6
630,51.354747,0.101483,51.377317,0.100887,1893.0596031793245,2148.2999999999997,2737.6
631,51.377192,0.083283,51.373289,0.089119,1894.1049765831883,2002.8,2215.4
632,51.362212,0.091756,51.373289,0.089119,1896.7801386697226,2011.8,2215.6
633,51.372546,0.087542,51.373289,0.089119,1897.7678725439587,1927.7,2025.3
634,51.369122,0.063625,51.373289,0.089119,1902.977762614965,1986.1,2311.2
635,51.366691,0.082858,51.373289,0.089119,1903.5143452071834,1957.6,2115.6
636,51.374589,0.107636,51.373289,0.089119,1912.3893572579088,2086.4,2325.3
637,51.375015,0.014733,51.373289,0.089119,1924.030789230912,2318.3,2955.7
638,51.393354,0.125955,51.373289,0.089119,1932.8322504273071,2367.6,2978
639,51.389729,0.092299,51.373289,0.089119,1932.8953298590466,1958.7,2407.1
640,51.361349,0.064287,51.373289,0.089119,1937.7848273259583,1987.9,2283.1
641,51.395508,0.096271,51.373289,0.089119,1941.9148482267915,2007.5,2646.5
642,51.363602,0.096649,51.373289,0.089119,1943.34587175366,1978.2,2264.3
643,51.312788,0.031036,51.373289,0.089119,1944.796532447865,-1.0,-1.0
644,51.340601,0.110805,51.373289,0.089119,1947.47279671023,2194.3,2711.5
645,51.392918,0.032157,51.373289,0.089119,1959.2173291580489,2243.2,3151.6
646,51.389245,0.069895,51.373289,0.089119,1960.1790563035545,1986.1,2384.5
647,51.435428,0.115935,51.373289,0.089119,1960.331149095604,2501.4,3493.4
648,51.389729,0.092299,51.373289,0.089119,1963.7533668981835,2001.3,2407.1
649,51.372859,0.1031,51.373289,0.089119,1968.9909041947076,1990.7,2144.1
650,51.376235,0.122352,51.373289,0.089119,1972.1156456615793,2088.6,2511.8
651,51.392027,0.111732,51.373289,0.089119,1973.0568948199673,1993.2,2388.9
652,51.363579,0.098549,51.373289,0.089119,1973.8407004292778,2071.6,2275.1
653,51.312317,0.035579,51.373289,0.089119,1982.492474189789,2532,4076.5
654,51.383683,0.055719,51.373289,0.089119,1982.9645013893253,2341.5,3081.9
655,51.393375,0.071298,51.373289,0.089119,1987.5293044201305,2046.9,2507.3
656,51.374059,0.0399,51.373289,0.089119,1987.930957655923,2214.7,2908.6
657,51.367592,0.072076,51.373289,0.089119,1995.1639478147279,2129.8,2428.3
658,51.354732,0.101482,51.377414,0.100986,1996.8955868529047,2148.2,2737.6
659,51.408169,0.098927,51.373289,0.089119,1998.0489461355103,2043.1,2892.8
660,51.374951,0.014687,51.373289,0.089119,2001.801883560695,2318.5,2955.7
661,51.352513,0.091851,51.373289,0.089119,2001.997345236007,2108,2444.7
662,51.362651,0.083601,51.373289,0.089119,2013.6850092578647,2089.4,2428.4
663,51.363579,0.098549,51.373289,0.089119,2017.3693529047819,2071.6,2275.1
664,51.363602,0.096649,51.373289,0.089119,2018.9615755196994,2163.2,2529.7
665,51.356318,0.099467,51.373289,0.089119,2020.2275321760299,2300.6,2880.2
666,51.419125,0.07225,51.400319,0.108353,2039.0969447450111,2336.2000000000003,2798.7999999999997
667,51.363579,0.098549,51.373289,0.089119,2039.3896610827155,2071.6,2275.1
668,51.304181,0.039261,51.373289,0.089119,2041.1888686803281,-1.0,-1.0
669,51.379202,0.101517,51.373289,0.089119,2041.3819748363787,2088.4,2355.1
670,51.366122,0.100181,51.373289,0.089119,2041.956572434338,2168.5,2435
671,51.395508,0.096271,51.373289,0.089119,2045.3090906164155,2123.2,2646.5
672,51.378707,0.099396,51.373289,0.089119,2045.3758699024397,2125,2354.3
673,51.363608,0.098554,51.373289,0.089119,2058.950753672969,2071.2,2275.1
674,51.359199,0.085731,51.373289,0.089119,2063.6088962637023,2226.6,2551.4
675,51.377957,0.111321,51.373289,0.089119,2066.3360672474982,2129.4,2438.4
676,51.419111,0.075381,51.373289,0.089119,2067.689180604614,2538.1,3402.5
677,51.389245,0.069895,51.373289,0.089119,2071.661962256177,2145.9,2539.8
678,51.361702,0.097327,51.373289,0.089119,2073.0918541751716,2231.3,2529.7
679,51.392027,0.111732,51.373289,0.089119,2076.020401311959,2272.3,2666.4
680,51.392592,0.0835,51.373289,0.089119,2076.5634016566323,2259.5,2708.9
681,51.308226,0.037141,51.373289,0.089119,2078.415496613303,2635.9,4076.5
682,51.392991,0.054097,51.373289,0.089119,2080.6533191039566,2211.7,2749.1
683,51.359444,0.085241,51.373289,0.089119,2082.6234474124362,2232.2999999999997,2551.4
684,51.403993,0.110542,51.373289,0.089119,2090.9426373195492,2132.1,2739.6
685,51.423287,0.062658,51.373289,0.089119,2096.5974186390404,2377.9,3119.6
686,51.362651,0.083601,51.373289,0.089119,2100.2071868988464,2168.5,2428.4
687,51.411862,0.105866,51.362488,0.095046,2111.5393688916106,2538,3317.3
688,51.401988,0.103609,51.381191,0.104231,2111.8686262514857,2415.4,2783.2
689,51.332266,0.024189,51.373289,0.089119,2112.0371272392963,2704.1,3529.6
690,51.362651,0.083601,51.373289,0.089119,2115.3295226838068,2168.5,2428.4
691,51.411259,0.054505,51.373289,0.089119,2123.660267616685,2577.5,3279.1
692,51.361349,0.064287,51.373289,0.089119,2124.0671869776447,2227,2522.1
693,51.366122,0.100181,51.373289,0.089119,2131.3790093408643,2168.5,2435
694,51.403993,0.110542,51.373289,0.089119,2139.896092121582,2184.9,2739.6
695,51.38334,0.116198,51.373289,0.089119,2149.739475919051,2257.1,2719.8
696,51.354747,0.101483,51.377317,0.100887,2164.87174067251,2225.4,2737.6
697,51.376235,0.122352,51.373289,0.089119,2167.463165415178,2417.5,2841.8
698,51.362882,0.108944,51.367496,0.076858,2169.790395127011,2337.8,2752.4
699,51.400292,0.10827,51.41914,0.072061,2170.581686768648,2507.7,2911.7
700,51.384008,0.078137,51.373289,0.089119,2174.018318643861,2198.8,2507.3
701,51.401988,0.103609,51.381191,0.104231,2176.2342133648162,2415.4,2783.2
702,51.366122,0.100181,51.373289,0.089119,2187.462449555369,2212.7,2435
703,51.395508,0.096271,51.373289,0.089119,2190.301601860616,2464.9,3150.4
704,51.369828,0.089962,51.373289,0.089119,2206.6041136869,2251.1,2397.1
705,51.39086,0.103895,51.407694,0.073487,2209.2265739149707,2434.8,2771.8
706,51.366122,0.100181,51.373289,0.089119,2210.7709020780976,2227.3,2435
707,51.406061,0.092701,51.426083,0.102051,2212.4866796047277,2495.6,2841.5
708,51.362608,0.097022,51.373289,0.089119,2214.07670256752,2273.9,2529.7
709,51.365635,0.098214,51.373289,0.089119,2217.76018305817,2300,2488.7
710,51.411862,0.105866,51.362488,0.095046,2222.9394380059557,2538,3317.3
711,51.405966,0.064753,51.373289,0.089119,2223.9785674908735,2594.6,3471.1
712,51.314016,0.026048,51.369433,0.035627,2225.5053089683506,2832.3,3548.3
713,51.304739,0.021725,51.316095,0.044692,2225.8364706666825,-1.0,-1.0
714,51.383856,0.117846,51.373289,0.089119,2227.25015013537,2294.5,2719.8
715,51.356318,0.099467,51.373289,0.089119,2228.1333496545194,2300.6,2880.2
716,51.372859,0.1031,51.373289,0.089119,2230.726772362669,2260.7,2414.1
717,51.359444,0.085241,51.373289,0.089119,2237.4132732581393,2265.5,2551.4
718,51.308226,0.037141,51.373289,0.089119,2242.076215685469,2635.9,4076.5
719,51.368738,0.055865,51.369416,0.035622,2251.8004963472827,2353.7,2599.1
720,51.394784,0.123207,51.373289,0.089119,2262.6770165853272,2628.5,3418.6
721,51.366122,0.100181,51.373289,0.089119,2266.656783420576,2371.2,2580
722,51.389729,0.092299,51.373289,0.089119,2268.1274340023315,2400,2810.7
723,51.383856,0.117846,51.373289,0.089119,2268.843945368322,2294.5,2719.8
724,51.372641,0.097814,51.373289,0.089119,2269.8093055217005,2285.7,2408.5
725,51.406061,0.092701,51.426083,0.102051,2277.266100736455,2495.6,2841.5
726,51.38334,0.116198,51.373289,0.089119,2277.9901587908607,2456.8,2896.8
727,51.393442,0.034359,51.373289,0.089119,2280.139022788034,2354,3151.6
728,51.371216,0.120965,51.373289,0.089119,2281.609186934257,2589.6,2984.1
729,51.384008,0.078137,51.373289,0.089119,2286.5394303851435,2367.8,2675
730,51.352513,0.091851,51.373289,0.089119,2290.4826069587853,2468.5,2925.7
731,51.391005,0.084979,51.373289,0.089119,2292.6108792325335,2395.7,2862.6
732,51.362651,0.083601,51.373289,0.089119,2296.669396453225,2380,2639.3
733,51.393442,0.034359,51.373289,0.089119,2300.87193340761,2354.1,3151.6
734,51.360806,0.10564,51.373289,0.089119,2310.3892853057655,2512.1,2932.1
735,51.377192,0.083283,51.373289,0.089119,2312.381345576423,2405.1,2611.7
736,51.332266,0.024189,51.373289,0.089119,2312.565157235674,2704.1,3529.6
737,51.406061,0.092701,51.426083,0.102051,2318.0200542268362,2495.6,2841.5
738,51.361702,0.097327,51.373289,0.089119,2322.696659956111,2471.7,2804.3
739,51.372641,0.097814,51.373289,0.089119,2323.271545429224,2350.2,2472.3
740,51.361349,0.064287,51.373289,0.089119,2328.4732094993046,2436,2731.2
741,51.372641,0.097814,51.373289,0.089119,2333.5289591623095,2350.2,2472.3
742,51.392592,0.0835,51.373289,0.089119,2338.305594853702,2477,2950.3
743,51.408582,0.058203,51.373289,0.089119,2340.098528829747,2523.4,3279.1
744,51.356318,0.099467,51.373289,0.089119,2344.2336020845974,2425.2,2880.2
745,51.374059,0.0399,51.373289,0.089119,2355.882773087613,2482,3004.1
746,51.356318,0.099467,51.373289,0.089119,2358.8924358248682,2425.2,2880.2
747,51.376235,0.122352,51.373289,0.089119,2363.260642054585,2417.5,2841.8
748,51.363707,0.06882,51.373289,0.089119,2364.465034790951,2602.4,3016.3
749,51.397793,0.09717,51.373289,0.089119,2368.628822591227,2546.6,3150.4
750,51.36352,0.098566,51.373289,0.089119,2370.3383901250977,2460,2664
751,51.387122,0.078479,51.373289,0.089119,2372.823421298199,2495.9,2862.6
752,51.400049,0.059786,51.373289,0.089119,2374.2681721084355,2842.1,3510.8
753,51.389245,0.069895,51.373289,0.089119,2378.84007150267,2429.4,2894.5
754,51.371462,0.068718,51.373289,0.089119,2387.3170797886037,2511,2787.7
755,51.365635,0.098214,51.373289,0.089119,2388.5202692988023,2474.7,2745.9
756,51.379926,0.08453,51.373289,0.089119,2390.376444164695,2506.3,2804
757,51.384917,0.082606,51.373289,0.089119,2390.440612141089,2571.1,2921.6
758,51.359444,0.085241,51.373289,0.089119,2390.6696568764996,2506.8,2791.8
759,51.38334,0.116198,51.373289,0.089119,2394.4597111302746,2456.8,2896.8
760,51.382804,0.058775,51.373289,0.089119,2394.743082982899,2473.7,3081.9
761,51.369828,0.089962,51.373289,0.089119,2397.3304524795567,2452,2601.6
762,51.311086,0.034008,51.373289,0.089119,2399.66023694905,-1.0,-1.0
763,51.377208,0.078399,51.373289,0.089119,2405.9114546453648,2476.2,2715.4
764,51.332266,0.024189,51.373289,0.089119,2410.199661311823,2704.1,3529.6
765,51.383163,0.081111,51.373289,0.089119,2412.5869721845875,2543.3,2873.2
766,51.390368,0.069627,51.373289,0.089119,2413.784372290373,2478.9,2894.5
767,51.381592,0.103512,51.373289,0.089119,2419.4608708107094,2520.1,2865.7
768,51.384917,0.082606,51.373289,0.089119,2420.905574126065,2571.1,2921.6
769,51.363608,0.098554,51.373289,0.089119,2421.1330928423854,2459,2664
770,51.36283,0.069857,51.373915,0.09662,2422.2433492941577,2547,2850.6
771,51.356318,0.099467,51.373289,0.089119,2424.567268011671,2718.2,3219.1
772,51.371462,0.068718,51.373289,0.089119,2425.317203545005,2511,2787.7
773,51.36379,0.095382,51.373289,0.089119,2427.5043035464405,2537.8,2772.6
774,51.387278,0.089104,51.373289,0.089119,2427.8143029459943,2479.6,2810.7
775,51.391431,0.048291,51.373289,0.089119,2428.2773925599763,2581.5,3151.6
776,51.387122,0.078479,51.373289,0.089119,2428.7772842549193,2495.9,2862.6
777,51.38678,0.079373,51.373289,0.089119,2428.901478672102,2613.8,3000.8
778,51.356318,0.099467,51.373289,0.089119,2429.961336724452,2718.2,3219.1
779,51.359077,0.110302,51.373289,0.089119,2439.4127097051123,2631.8,2989.1
780,51.359199,0.085731,51.373289,0.089119,2445.5392542225045,2512.5,2791.8
781,51.385857,0.066954,51.373289,0.089119,2459.486911974367,2620.6,3081.9
782,51.371822,0.056715,51.373289,0.089119,2460.625270575631,2749.8,3139.6
783,51.376235,0.122352,51.373289,0.089119,2465.7739855331743,2721.2,3145.4
784,51.392592,0.0835,51.373289,0.089119,2468.7778128436225,2501.5,2950.3
785,51.363608,0.098554,51.373289,0.089119,2476.2987941329257,2523.3,2745.9
786,51.38593,0.101273,51.373289,0.089119,2479.095242073252,2725.9,3198.9
787,51.36318,0.109239,51.373289,0.089119,2482.5747384365786,2622.2,2932.1
788,51.369122,0.063625,51.373289,0.089119,2485.5335012373234,2583.1,2908.6
789,51.374262,0.105042,51.373289,0.089119,2490.073594810685,2649.7,2885
790,51.312317,0.035579,51.373289,0.089119,2490.2457822309493,2532.6,3984.6
791,51.383163,0.081111,51.373289,0.089119,2492.393930229502,2543.3,2873.2
792,51.36318,0.109239,51.373289,0.089119,2492.8368545816943,2622.2999999999997,2932.1
793,51.363608,0.098554,51.373289,0.089119,2492.881997301201,2523.3,2745.9
794,51.381592,0.103512,51.373289,0.089119,2492.987226153219,2520.1,2865.7
795,51.358061,0.09107,51.373289,0.089119,2498.4964128500096,2611.3,2925.7
796,51.372859,0.1031,51.373289,0.089119,2503.169366234012,2537,2689
797,51.363441,0.110437,51.373289,0.089119,2504.994205028589,2651.8,2931.2
798,51.435428,0.115935,51.373289,0.089119,2507.3637080168182,2535.5,3493.4
799,51.361479,0.107549,51.373289,0.089119,2508.7337310554026,2546.8,2932.1
800,51.363782,0.107029,51.373289,0.089119,2511.1809012035087,2693.5,2984.1
801,51.360806,0.10564,51.373289,0.089119,2511.438377945131,2721.9,3014.5
802,51.36318,0.109239,51.373289,0.089119,2512.2202278074624,2743.2,3148.2
803,51.395508,0.096271,51.373289,0.089119,2524.6053563355295,2625.6,3150.4
804,51.392991,0.054097,51.373289,0.089119,2530.7508550927982,2723.5,3510.8
805,51.361349,0.064287,51.373289,0.089119,2533.0608510012485,2646,2941.2
806,51.365635,0.098214,51.373289,0.089119,2539.8568337025145,2561.4,2745.9
807,51.371462,0.068718,51.373289,0.089119,2546.7025638186137,2670.5,2942.3
808,51.405966,0.064753,51.373289,0.089119,2547.518445908765,2594.6,3471.1
809,51.353215,0.095823,51.373289,0.089119,2550.4107034600415,2767.1,3140.1
810,51.395533,0.12514,51.386682,0.0346,2550.946863439104,2868.7,4177.1
811,51.363707,0.06882,51.373289,0.089119,2558.723845846988,2602.4,3016.3
812,51.421544,0.060143,51.382413,0.045041,2561.1320525574756,2892.1,3471.7
813,51.417305,0.115911,51.373289,0.089119,2565.0945276629586,2651.5,3313.7
814,51.384008,0.078137,51.373289,0.089119,2566.80896507891,2583,2894.5
815,51.397793,0.09717,51.373289,0.089119,2567.2666307915206,2766.2,3486.5
816,51.353438,0.095622,51.373289,0.089119,2568.892257466642,2762.6,3140.1
817,51.384917,0.082606,51.373289,0.089119,2576.1690472247315,2584.1,2921.6
818,51.393375,0.071298,51.373289,0.089119,2579.6631014110085,2784.7,3228.2
819,51.421226,0.067638,51.373289,0.089119,2584.1658685624698,2753.6,3402.5
820,51.386181,0.070901,51.373289,0.089119,2584.4476050649246,2682.6,3081.9
821,51.412201,0.046528,51.373289,0.089119,2586.5588254230324,3029.2,3914.3
822,51.361702,0.097327,51.373289,0.089119,2591.4782986957757,2722,3035.8
823,51.332266,0.024189,51.373289,0.089119,2598.2205241580973,2704.1,3529.6
824,51.37245,0.084292,51.378905,0.100827,2603.2227600970373,2610.9,2819.7
825,51.372859,0.1031,51.373289,0.089119,2603.3433392936267,2620.7,2774.1
826,51.394739,0.075845,51.373289,0.089119,2608.5868679197047,2791.6,3344.7
827,51.38334,0.116198,51.373289,0.089119,2610.4861234767823,2730.4,3239.3
828,51.353215,0.095823,51.373289,0.089119,2613.216487805099,2767.1,3140.1
829,51.421269,0.067668,51.373289,0.089119,2617.033998989969,2754.2,3402.5
830,51.387265,0.089019,51.373289,0.089119,2617.4647369746003,2673.5,3006.1
831,51.36714,0.120211,51.373289,0.089119,2619.529339022232,2765.3,3162.3
832,51.38279,0.058729,51.365276,0.064394,2620.4627909880514,2964.4,3527.3
833,51.384008,0.078137,51.373289,0.089119,2621.144355201685,2694.2,3000.8
834,51.384917,0.082606,51.373289,0.089119,2623.4288302590453,2749.8,3089.5
835,51.386154,0.060555,51.373289,0.089119,2633.5579192523246,2968.6,3469.6
836,51.378707,0.099396,51.373289,0.089119,2633.869498901372,2740.7,2938.3
837,51.362212,0.091756,51.373289,0.089119,2633.912089183858,2700,2904
838,51.425058,0.106869,51.373289,0.089119,2634.59501853358,2821.9,3664.8
839,51.368284,0.082987,51.373289,0.089119,2639.4527126450553,2679.9,2859.7
840,51.362608,0.097022,51.373289,0.089119,2649.993788524936,2685.8,3035.8
841,51.384008,0.078137,51.373289,0.089119,2657.1752957930685,2694.2,3000.8
842,51.386313,0.045252,51.373289,0.089119,2657.8439797617375,2915.2,3762.6
843,51.383856,0.117846,51.373289,0.089119,2668.311482542988,2765.5,3239.3
844,51.393354,0.125955,51.373289,0.089119,2668.8302471775232,3015.2,3706.9
845,51.306952,0.023171,51.373289,0.089119,2668.9406389070878,-1.0,-1.0
846,51.363707,0.06882,51.373289,0.089119,2672.0712991300547,2815.5,3236.4
847,51.36352,0.098566,51.373289,0.089119,2674.805637163444,2737,2941.4
848,51.314016,0.026048,51.369433,0.035627,2676.5668887623806,-1.0,-1.0
849,51.387122,0.078479,51.373289,0.089119,2678.126494621068,2860,3224.4
850,51.387592,0.114488,51.373289,0.089119,2684.336104148217,2881.2,3418.6
851,51.409062,0.062033,51.373289,0.089119,2686.29171798601,2746.9,3471.1
852,51.389245,0.069895,51.373289,0.089119,2688.258613469333,2907.7,3300.8
853,51.374951,0.014687,51.373289,0.089119,2690.356799721965,3038.1,3689.9
854,51.38334,0.116198,51.373289,0.089119,2691.5851214583117,2730.4,3239.3
855,51.400292,0.10827,51.41914,0.072061,2699.0150153116683,2798.1,3208.1
856,51.359444,0.085241,51.373289,0.089119,2701.543062354724,2817.6,3104.8
857,51.410224,0.107669,51.407785,0.07365,2704.210430892436,3091.6,3457.9
858,51.311086,0.034008,51.373289,0.089119,2706.976169812552,2957.2,3984.6
859,51.332266,0.024189,51.373289,0.089119,2710.254406884987,3209,4037.8
860,51.405357,0.089945,51.373289,0.089119,2712.4911690325353,2995.8,3534.2
861,51.37795,0.077552,51.376739,0.09954,2713.42662290813,2784.1,3063
862,51.363707,0.06882,51.373289,0.089119,2718.542572885295,2815.5,3236.4
863,51.36352,0.098566,51.373289,0.089119,2720.1444723292825,2737,2941.4
864,51.371822,0.056715,51.373289,0.089119,2724.065060583986,2749.8,3139.6
865,51.391005,0.084979,51.373289,0.089119,2724.8493760415727,2875.7,3500.5
866,51.406061,0.092701,51.426083,0.102051,2728.64889509352,3095.6,3489.7
867,51.38334,0.116198,51.373289,0.089119,2730.9477904924092,2798.4,3239.3
868,51.306543,0.046027,51.373289,0.089119,2731.409408451743,-1.0,-1.0
869,51.423588,0.109037,51.373289,0.089119,2745.1942868389747,2773.5,3493.4
870,51.362651,0.083601,51.373289,0.089119,2747.2139775414857,2884.5,3142.4
871,51.393354,0.125955,51.373289,0.089119,2749.5428880060817,3015.2,3706.9
872,51.363579,0.098549,51.373289,0.089119,2759.3284161473157,2810.6,3014.5
873,51.332266,0.024189,51.373289,0.089119,2760.7896140561647,3209,4037.8
874,51.394432,0.098349,51.369452,0.035717,2763.1072792531995,3119.3,3981.8
875,51.361702,0.097327,51.373289,0.089119,2764.3783049819726,2901.9,3204
876,51.375793,0.107093,51.373289,0.089119,2765.199298095703,2915.2,3213.8
877,51.39086,0.103895,51.407694,0.073487,2769.450846813912,3050.6,3382.8
878,51.36318,0.109239,51.373289,0.089119,2770.516101934553,2833.7,3148.2
879,51.409062,0.062033,51.373289,0.089119,2772.2101216910164,2836.5,3471.1
880,51.354854,0.101794,51.373289,0.089119,2780.111077464392,2810.2,3219.1
881,51.36714,0.120211,51.373289,0.089119,2783.290497440017,2807.9,3162.3
882,51.36379,0.095382,51.373289,0.089119,2783.7093190848223,2801.5,3035.8
883,51.405357,0.089945,51.373289,0.089119,2783.733816342319,2995.8,3534.2
884,51.37795,0.077552,51.376739,0.09954,2783.7983141362065,2794.6,3063
885,51.359199,0.085731,51.373289,0.089119,2784.305967693531,2811.9,3104.8
886,51.374059,0.0399,51.373289,0.089119,2787.104076852999,3004.7,3525.3
887,51.363707,0.06882,51.373289,0.089119,2790.09646260726,2823.9,3236.4
888,51.360806,0.10564,51.373289,0.089119,2793.591664376016,2962.7,3324.3
889,51.395508,0.096271,51.373289,0.089119,2796.3774265666907,2963.3,3486.5
890,51.36318,0.109239,51.373289,0.089119,2805.2161905362186,2833.7999999999997,3148.2
891,51.371462,0.068718,51.373289,0.089119,2805.4301494080946,2922.9,3294.7
892,51.383163,0.081111,51.373289,0.089119,2815.638493718859,2918.9,3252.9
893,51.366691,0.082858,51.373289,0.089119,2820.161096953982,2852.9,3007.8
894,51.366691,0.082858,51.373289,0.089119,2831.489615119249,2852.9,3007.8
895,51.392692,0.076061,51.373289,0.089119,2837.528983483168,2911.3,3344.7
896,51.394784,0.123207,51.373289,0.089119,2837.8363201565644,2932.7,3535
897,51.369122,0.063625,51.373289,0.089119,2839.4185306459312,2989,3317.2
898,51.392918,0.032157,51.373289,0.089119,2840.184300545357,3174.1,4041.8
899,51.361479,0.107549,51.373289,0.089119,2841.542524574311,2997.9,3324.3
900,51.374262,0.105042,51.373289,0.089119,2843.989940414997,2908,3144.9
901,51.397793,0.09717,51.373289,0.089119,2849.577091110822,2873.8,3486.5
902,51.383856,0.117846,51.373289,0.089119,2857.0803001824465,3087.3,3587
903,51.36318,0.109239,51.373289,0.089119,2857.6564507127187,3004.5,3364.8
904,51.308226,0.037141,51.373289,0.089119,2860.875900376471,-1.0,-1.0
905,51.386181,0.070901,51.373289,0.089119,2863.197055607618,3037.4,3438.3
906,51.381121,0.102078,51.407013,0.072698,2863.3280216491735,3013.3,3494.4
907,51.367592,0.072076,51.373289,0.089119,2865.983542884389,3000.3,3298.6
908,51.412201,0.046528,51.373289,0.089119,2867.9895891962647,3029.2,3914.3
909,51.363782,0.107029,51.373289,0.089119,2868.9677010687324,3035.7,3330.6
910,51.422627,0.107933,51.373289,0.089119,2873.1325239157136,2923.6,3768.1
911,51.397793,0.09717,51.373289,0.089119,2874.349978625821,2886.2,3486.5
912,51.363602,0.096649,51.373289,0.089119,2874.9156165171144,2973.2,3229.2
913,51.409062,0.062033,51.373289,0.089119,2875.0854387695604,3071.7,3923.3
914,51.308226,0.037141,51.373289,0.089119,2883.0917080621293,-1.0,-1.0
915,51.38334,0.116198,51.373289,0.089119,2883.4786316851973,2977.4,3418.6
916,51.425058,0.106869,51.373289,0.089119,2888.098768559498,3028.7,3768.1
917,51.408169,0.098927,51.373289,0.089119,2889.25208997878,3087,3664.8
918,51.392592,0.0835,51.373289,0.089119,2893.753454632091,3001.8,3500.5
919,51.372546,0.087542,51.373289,0.089119,2898.7002006477433,2911.5,3004.1
920,51.36352,0.098566,51.373289,0.089119,2905.7169290007373,3002,3206.1
921,51.363707,0.06882,51.373289,0.089119,2912.301114389849,3165.2,3725.2
922,51.393921,0.105288,51.373289,0.089119,2915.123147307928,3205.9,3828.1
923,51.361349,0.064287,51.373289,0.089119,2921.1402478945893,3142.7,3441.2
924,51.38334,0.116198,51.373289,0.089119,2921.905642866653,2977.4,3418.6
925,51.36714,0.120211,51.373289,0.089119,2922.2569536434926,3065.3,3566.6
926,51.394819,0.121873,51.373289,0.089119,2924.64201295418,2978.9,3535
927,51.394819,0.121873,51.373289,0.089119,2928.968951611775,2978.9,3535
928,51.36975,0.081367,51.373289,0.089119,2930.367894939912,3001.5,3181.3
929,51.387265,0.089019,51.373289,0.089119,2942.5381793579622,2996.9,3330.9
930,51.361349,0.064287,51.373289,0.089119,2945.162913423248,3142.7,3441.2
931,51.354732,0.101482,51.377414,0.100986,2945.4329353523544,3044.8,3553.6
932,51.406061,0.092701,51.426083,0.102051,2948.6183586268426,3095.6,3489.7
933,51.36975,0.081367,51.373289,0.089119,2952.7202678951808,3001.5,3181.3
934,51.371462,0.068718,51.373289,0.089119,2955.096743049099,3012.2,3294.7
935,51.389245,0.069895,51.373289,0.089119,2956.3039410521087,3075.6,3469.6
936,51.356958,0.138095,51.365711,0.059512,2957.9750947292778,3266.2,4023.4
937,51.376122,0.017745,51.373289,0.089119,2967.259047901765,2995.2,3689.9
938,51.366122,0.100181,51.373289,0.089119,2969.4007402647794,3066.2,3274.1
939,51.362667,0.083672,51.373289,0.089119,2973.43599930852,3198.8,3453.8
940,51.362651,0.083601,51.373289,0.089119,2973.8668652885644,3199.4,3475.5
941,51.405357,0.089945,51.373289,0.089119,2975.1957492568263,3003.1,3534.2
942,51.306543,0.046027,51.373289,0.089119,2986.6693765259806,-1.0,-1.0
943,51.377192,0.083283,51.373289,0.089119,2994.4941092550957,3061.1,3269.2
944,51.408169,0.098927,51.373289,0.089119,2997.211762343402,3087.1,3664.8
945,51.362667,0.083672,51.373289,0.089119,3001.24112028412,3198.8,3453.8
946,51.401226,0.116967,51.373289,0.089119,3001.5639608545684,3412.7,3990
947,51.377192,0.083283,51.373289,0.089119,3002.1904974607655,3061.1,3269.2
948,51.391431,0.048291,51.373289,0.089119,3007.75950822846,3113.7,3762.6
949,51.393375,0.071298,51.373289,0.089119,3010.836360600036,3172,3616
950,51.312317,0.035579,51.373289,0.089119,3010.896186145821,-1.0,-1.0
951,51.401226,0.116967,51.373289,0.089119,3013.0883533649667,3412.7,3990
952,51.36318,0.109239,51.373289,0.089119,3013.6323078629125,3056.9,3364.8
953,51.372613,0.016006,51.373289,0.089119,3016.369546567715,3082.7,3689.9
954,51.392592,0.0835,51.373289,0.089119,3017.9835557126034,3054.9,3500.5
955,51.308226,0.037141,51.373289,0.089119,3018.607924151382,3626.5,4820.9
956,51.383258,0.08116,51.373289,0.089119,3020.193167498145,3088.7,3422.5
957,51.397793,0.09717,51.373289,0.089119,3021.7168107357875,3306.2,3872.2
958,51.312317,0.035579,51.373289,0.089119,3023.3450094030427,-1.0,-1.0
959,51.377739,0.116504,51.373289,0.089119,3024.507310350389,3252.3,3698.4
960,51.374951,0.014687,51.373289,0.089119,3025.3934364324537,3038.1,3689.9
961,51.377957,0.111321,51.373289,0.089119,3033.8796250435726,3201.5,3508.9
962,51.374589,0.107636,51.373289,0.089119,3037.6995924344333,3166.2,3405.3
963,51.362913,0.069291,51.377894,0.101348,3038.3034469398876,3328.3,3701.8
964,51.384008,0.078137,51.373289,0.089119,3044.6122210060926,3062,3374.1
965,51.393354,0.125955,51.373289,0.089119,3047.8908241875115,3103.4,3706.9
966,51.393354,0.125955,51.373289,0.089119,3047.997242950889,3103.4,3706.9
967,51.332266,0.024189,51.373289,0.089119,3053.89591455242,3209,4037.8
968,51.372641,0.097814,51.373289,0.089119,3059.3034570280192,3070.2,3192.3
969,51.392692,0.076061,51.373289,0.089119,3067.8466912532745,3213.1,3645.6
970,51.394784,0.123207,51.373289,0.089119,3068.735423748405,3509.5,4087.6
971,51.393354,0.125955,51.373289,0.089119,3070.212220935931,3507.6,4183.8
972,51.383856,0.117846,51.373289,0.089119,3076.850778365397,3091.8,3587
973,51.363608,0.098554,51.373289,0.089119,3077.844283085806,3119.5,3324.3
974,51.408169,0.098927,51.373289,0.089119,3081.7204599012907,3091.3,3664.8
975,51.392991,0.054097,51.373289,0.089119,3089.036463057438,3214.9,3762.6
976,51.362667,0.083672,51.373289,0.089119,3089.9011771166306,3198.8,3453.8
977,51.359444,0.085241,51.373289,0.089119,3091.245065903742,3207.6,3614.4
978,51.38334,0.116198,51.373289,0.089119,3095.652851444205,3150.9,3587
979,51.377192,0.083283,51.373289,0.089119,3097.0768321027,3184.9,3391.7
980,51.406061,0.092701,51.426083,0.102051,3097.834986016025,3145.2,3489.7
981,51.405966,0.064753,51.373289,0.089119,3102.019945943365,3228.9,3923.3
982,51.383683,0.055719,51.373289,0.089119,3105.3373631646896,3416.5,4110
983,51.30615,0.042296,51.373289,0.089119,3110.1785078895937,3714.9,4820.9
984,51.362608,0.097022,51.373289,0.089119,3114.5316491016533,3207.4,3462.3
985,51.377957,0.111321,51.373289,0.089119,3116.278091597182,3201.5,3508.9
986,51.358061,0.09107,51.373289,0.089119,3116.5304702286608,3290,3571.2
987,51.363579,0.098549,51.373289,0.089119,3117.9043562777933,3120.9,3324.3
988,51.36714,0.120211,51.373289,0.089119,3123.4448219536903,3214.3,3566.6
989,51.395508,0.096271,51.373289,0.089119,3125.5584861717207,3381.8,4044.7
990,51.312317,0.035579,51.373289,0.089119,3127.670441105567,3523.5,4820.9
991,51.36318,0.109239,51.373289,0.089119,3128.0939001316915,3190.5,3500.9
992,51.387417,0.03888,51.373289,0.089119,3129.938981395853,3352.3,4041.8
993,51.39042,0.069566,51.373289,0.089119,3132.6734550482156,3250.9,3802.5
994,51.366122,0.100181,51.373289,0.089119,3136.8400378021206,3181,3389.9
995,51.36975,0.081367,51.373289,0.089119,3137.7227623032654,3239,3418.9
996,51.383175,0.080856,51.373289,0.089119,3137.80989921296,3224.9,3556.2
997,51.372465,0.078545,51.375813,0.100675,3140.4696539454435,3169.3,3386.2
998,51.38495,0.062738,51.373289,0.089119,3141.5917642604354,3368.2,3895.8
999,51.362651,0.083601,51.373289,0.089119,3153.072414902306,3199.4,3475.5
1000,51.387122,0.078479,51.373289,0.089119,3154.62616803311,3226.3,3587.3
1001,51.387191,0.114103,51.366065,0.055464,3158.103964142324,3391.7,4053.3
1002,51.372546,0.087542,51.373289,0.089119,3159.9723477596517,3188.2,3285.6
1003,51.392991,0.054097,51.373289,0.089119,3165.625420810389,3214.9,3762.6
1004,51.387122,0.078479,51.373289,0.089119,3166.372267781373,3226.3,3587.3
1005,51.359077,0.110302,51.373289,0.089119,3170.1433655362025,3405.8,3764.6
1006,51.315575,0.034027,51.373289,0.089119,3171.652139094072,-1.0,-1.0
1007,51.369828,0.089962,51.373289,0.089119,3173.479395695368,3232,3391.2
1008,51.421226,0.067638,51.373289,0.089119,3175.773018778014,3328.1,3977.7
1009,51.418293,0.128845,51.373289,0.089119,3176.7994120991143,3694.8,4584.7
1010,51.384597,0.103294,51.416012,0.117947,3177.1390581316873,3370.7,3894.6
1011,51.387278,0.089104,51.373289,0.089119,3180.5729301309366,3243.3,3576.1
1012,51.36352,0.098566,51.373289,0.089119,3187.4511555873137,3329.8,3594.7
1013,51.406868,0.076718,51.373289,0.089119,3190.2436172536463,3309.5,3914.3
1014,51.371552,0.121628,51.376815,0.099875,3197.0931219514255,3452.6,3783.8
1015,51.381721,0.103314,51.392107,0.113117,3204.0603243263436,3368.9,3617.8
1016,51.405671,0.048299,51.373289,0.089119,3207.1209742893434,3722.1,4482.3
1017,51.363707,0.06882,51.373289,0.089119,3219.315311005378,3318.2,3725.2
1018,51.418293,0.128845,51.373289,0.089119,3220.4787831943513,3694.8,4584.7
1019,51.369828,0.089962,51.373289,0.089119,3230.383886458281,3246,3391.2
1020,51.384008,0.078137,51.373289,0.089119,3232.322395788418,3242,3554.1
1021,51.372546,0.087542,51.373289,0.089119,3233.5232197280507,3246.7,3344.7
1022,51.392991,0.054097,51.373289,0.089119,3240.0013496707584,3287.1,4047.3
1023,51.359199,0.085731,51.373289,0.089119,3244.9978700513434,3326,3614.4
1024,51.312317,0.035579,51.373289,0.089119,3247.140798249301,3523.5,4820.9
1025,51.384597,0.103294,51.416012,0.117947,3250.471816751433,3370.7,3894.6
1026,51.359199,0.085731,51.373289,0.089119,3252.9061819771923,3326,3614.4
1027,51.393921,0.105288,51.373289,0.089119,3261.9217077203934,3329.5,3828.1
1028,51.421226,0.067638,51.373289,0.089119,3262.3038746477973,3328.1,3977.7
1029,51.384008,0.078137,51.373289,0.089119,3267.9431341677937,3278.8,3587.3
1030,51.369828,0.089962,51.373289,0.089119,3268.7699497991944,3328.1,3475.5
1031,51.360806,0.10564,51.373289,0.089119,3269.5473207101504,3442.1,3736.9
1032,51.38674,0.0711,51.373289,0.089119,3271.6306350825507,3340.3,3802.5
1033,51.353438,0.095622,51.373289,0.089119,3273.6280111157494,3514.2,3884.3
1034,51.385857,0.066954,51.373289,0.089119,3274.344195792844,3433.4,3895.8
1035,51.378707,0.099396,51.373289,0.089119,3277.4669884419445,3360.4,3561.5
1036,51.378707,0.099396,51.373289,0.089119,3285.710420360422,3360.4,3561.5
1037,51.389666,0.120895,51.362571,0.095189,3286.4647385128414,3649.4,4360.7
1038,51.353438,0.095622,51.373289,0.089119,3287.163403593683,3514.2,3884.3
1039,51.36318,0.109239,51.373289,0.089119,3291.4800741517433,3424.2,3782.1
1040,51.363602,0.096649,51.373289,0.089119,3293.992475688134,3423.2,3679.2
1041,51.375793,0.107093,51.373289,0.089119,3297.089418550891,3425.2,3778.6
1042,51.374589,0.107636,51.373289,0.089119,3297.2032895797456,3376.2,3615.3
1043,51.384008,0.078137,51.373289,0.089119,3298.5207018023807,3303.6,3614.8
1044,51.359199,0.085731,51.373289,0.089119,3303.642879696559,3332.8,3614.4
1045,51.394784,0.123207,51.373289,0.089119,3308.06552301382,3509.5,4087.6
1046,51.371462,0.068718,51.373289,0.089119,3318.3253776943825,3453,3735.6
1047,51.426655,0.09816,51.418592,0.103199,3319.3112993098143,3808.8,3989.5
1048,51.404697,0.056189,51.373289,0.089119,3321.8314567022016,3694.4,4657.3
1049,51.362667,0.083672,51.373289,0.089119,3327.173988909959,3435.7,3692.1
1050,51.368284,0.082987,51.373289,0.089119,3327.6815710747846,3421.5,3620.2
1051,51.372859,0.1031,51.373289,0.089119,3337.0109979927984,3370.7,3524.1
1052,51.353438,0.095622,51.373289,0.089119,3337.6404487055956,3514.2,3884.3
1053,51.376235,0.122352,51.373289,0.089119,3342.357005817471,3587.5,4011.8
1054,51.363608,0.098554,51.373289,0.089119,3348.720459026523,3389.1,3594.7
1055,51.392796,0.072216,51.367227,0.104178,3358.829816396465,3632.4,4183.1
1056,51.387122,0.078479,51.373289,0.089119,3364.7142258366157,3441.3,3802.5
1057,51.403993,0.110542,51.373289,0.089119,3365.734433499842,3764.4,4317.4
1058,51.363579,0.098549,51.373289,0.089119,3365.780903513814,3391.2,3594.7
1059,51.390368,0.069627,51.373289,0.089119,3368.3276096265254,3610.8,4129.4
1060,51.397737,0.051201,51.373289,0.089119,3370.850308623957,3843.6,4490.6
1061,51.36714,0.120211,51.373289,0.089119,3373.0423991311923,3572.3,3925.8
1062,51.397737,0.051201,51.373289,0.089119,3378.1083552270775,3843.6,4490.6
1063,51.408169,0.098927,51.373289,0.089119,3386.024829882757,3752.9,4326.1
1064,51.411243,0.054439,51.373289,0.089119,3390.1350779388667,3547,4482.3
1065,51.394784,0.123207,51.373289,0.089119,3391.3279402609355,3509.5,4087.6
1066,51.362212,0.091756,51.373289,0.089119,3393.431862229744,3444.2,3649.7
1067,51.362651,0.083601,51.373289,0.089119,3401.678469469552,3435.1,3692.1
1068,51.379926,0.08453,51.373289,0.089119,3402.3208441775696,3551.2,3850.1
1069,51.367544,0.096128,51.365274,0.064172,3402.5647837732054,3441.4,3772.3
1070,51.397793,0.09717,51.373289,0.089119,3406.957190608016,3514.6,4044.7
1071,51.376039,0.05006,51.365337,0.064251,3408.598023429276,3691.3,4107.2
1072,51.392796,0.072216,51.367227,0.104178,3410.277017118549,3632.4,4183.1
1073,51.374589,0.107636,51.373289,0.089119,3411.84145155474,3457.7,3698.4
1074,51.38674,0.0711,51.373289,0.089119,3411.896586657033,3506.4,3895.8
1075,51.366691,0.082858,51.373289,0.089119,3412.4488042750613,3463.2,3620.2
1076,51.362898,0.108847,51.382471,0.045073,3414.7988877867,3427.7999999999997,4346
1077,51.397793,0.09717,51.373289,0.089119,3415.754554736471,3514.6,4044.7
1078,51.369122,0.063625,51.373289,0.089119,3415.810707176986,3549.4,3874.5
1079,51.387122,0.078479,51.373289,0.089119,3417.3141147367455,3441.3,3802.5
1080,51.401571,0.108879,51.373289,0.089119,3419.1140484837993,3850.5,4724.1
1081,51.354854,0.101794,51.373289,0.089119,3421.7979133080607,3757.6,4199.8
1082,51.371552,0.121628,51.376815,0.099875,3428.3404698825734,3452.6,3783.8
1083,51.304181,0.039261,51.373289,0.089119,3430.5740417624525,-1.0,-1.0
1084,51.383163,0.081111,51.373289,0.089119,3431.7422070088824,3578.9,3912.9
1085,51.401988,0.103609,51.381191,0.104231,3433.419366140752,3825.2,4193
1086,51.383856,0.117846,51.373289,0.089119,3438.032753995297,3695.1,4123.8
1087,51.36318,0.109239,51.373289,0.089119,3447.5669885562997,3471.4,3782.1
1088,51.392027,0.111732,51.373289,0.089119,3455.7094848463876,3596,3990
1089,51.394784,0.123207,51.373289,0.089119,3457.2979163420828,3509.5,4087.6
1090,51.383856,0.117846,51.373289,0.089119,3474.6843860277213,3695.1,4123.8
1091,51.394739,0.075845,51.373289,0.089119,3479.586774998708,3734.6,4294.5
1092,51.363475,0.098595,51.373289,0.089119,3480.175902713352,3531.5,3736.9
1093,51.332266,0.024189,51.373289,0.089119,3480.9449511349276,3963.7,4789.6
1094,51.384008,0.078137,51.373289,0.089119,3485.548209071209,3567.8,3875
1095,51.38593,0.101273,51.373289,0.089119,3487.4943629878258,3793.3,4548.8
1096,51.387278,0.089104,51.373289,0.089119,3491.3880430917156,3537.8,3872.2
1097,51.374262,0.105042,51.373289,0.089119,3492.4414071077013,3639.7,3875
1098,51.411243,0.054439,51.373289,0.089119,3493.4277306365493,3547,4482.3
1099,51.377208,0.078399,51.373289,0.089119,3496.280542805893,3574.4,3811
1100,51.393442,0.034359,51.373289,0.089119,3496.9095929008085,3661.3,4490.6
1101,51.36318,0.109239,51.373289,0.089119,3498.4897419270296,3604.2,3915.5
1102,51.36975,0.081367,51.373289,0.089119,3502.5055675669423,3570,3749.8
1103,51.361479,0.107549,51.373289,0.089119,3502.9180827146884,3703.3,4030.8
1104,51.369122,0.063625,51.373289,0.089119,3504.3691871310025,3549.4,3874.5
1105,51.374589,0.107636,51.373289,0.089119,3505.634631286823,3540.2,3778.6
1106,51.420579,0.061099,51.373289,0.089119,3511.746450587162,4003,4758.8
1107,51.36975,0.081367,51.373289,0.089119,3515.861800358287,3570,3749.8
1108,51.371822,0.056715,51.373289,0.089119,3519.269254676236,3619.8,4009.7
1109,51.387592,0.114488,51.373289,0.089119,3519.516111735263,3721.8,4183.8
1110,51.352513,0.091851,51.373289,0.089119,3521.6238069318674,3711.6,4046.5
1111,51.377957,0.111321,51.373289,0.089119,3524.4347014725004,3724,4065.7
1112,51.396677,0.113421,51.375202,0.099462,3527.147041955206,3748.3,4357.7
1113,51.387592,0.114488,51.373289,0.089119,3529.0276539070337,3721.8,4183.8
1114,51.37176,0.056793,51.373289,0.089119,3532.1482275694366,3619.9,4009.7
1115,51.375793,0.107093,51.373289,0.089119,3532.4062002142996,3753.1,4050.9
1116,51.312317,0.035579,51.373289,0.089119,3532.5784411565605,-1.0,-1.0
1117,51.386154,0.060555,51.373289,0.089119,3539.3734871904767,3567.2,4110
1118,51.36379,0.095382,51.373289,0.089119,3540.5487183463943,3647.8,3882.6
1119,51.352513,0.091851,51.373289,0.089119,3540.8554367702427,3710.6,4045.6
1120,51.361702,0.097327,51.373289,0.089119,3540.9823219941404,3723,4060.3
1121,51.372613,0.016006,51.373289,0.089119,3541.7482068587856,3631.7,4323.2
1122,51.311086,0.034008,51.373289,0.089119,3542.459563849011,-1.0,-1.0
1123,51.397737,0.051201,51.373289,0.089119,3545.6369611850964,3843.6,4490.6
1124,51.362667,0.083672,51.373289,0.089119,3550.1316478105246,3675.7,3984.7
1125,51.315575,0.034027,51.373289,0.089119,3551.764967088495,-1.0,-1.0
1126,51.359077,0.110302,51.373289,0.089119,3559.01192011317,3787.5,4213.1
1127,51.383856,0.117846,51.373289,0.089119,3560.3567566768984,3695.1,4123.8
1128,51.365127,0.038367,51.316074,0.0447,3561.1326791744264,3835.1,4861.3
1129,51.401988,0.103609,51.381191,0.104231,3565.3663536740346,3825.2,4193
1130,51.36318,0.109239,51.373289,0.089119,3568.482118528038,3604.2999999999997,3915.5
1131,51.39086,0.103895,51.407694,0.073487,3569.955482669182,3848.3,4183.5
1132,51.368738,0.055865,51.369416,0.035622,3571.7120195906723,3737,3981.8
1133,51.378707,0.099396,51.373289,0.089119,3573.124984186361,3700.7,3898.3
1134,51.360806,0.10564,51.373289,0.089119,3573.7794965647104,3733.7,4030.8
1135,51.392836,0.096084,51.373289,0.089119,3574.6146446597304,3840.3,4298.5
1136,51.397793,0.09717,51.373289,0.089119,3580.171294369275,3987.9,4519.9
1137,51.360806,0.10564,51.373289,0.089119,3581.4193599134737,3733.7,4030.8
1138,51.386181,0.070901,51.373289,0.089119,3582.084763340362,3711.8,4129.4
1139,51.313766,0.024346,51.373289,0.089119,3583.981081559562,-1.0,-1.0
1140,51.369569,0.093063,51.373289,0.089119,3591.1493247386757,3626.7,3739.8
1141,51.395533,0.12514,51.386682,0.0346,3593.6784791517484,4167.4,-1.0
1142,51.408169,0.098927,51.373289,0.089119,3598.6799478840576,3753.0,4326.1
1143,51.361479,0.107549,51.373289,0.089119,3600.194580175059,3703.3,4030.8
1144,51.374951,0.014687,51.373289,0.089119,3601.4183976496593,3685.8,4323.2
1145,51.419125,0.07225,51.400319,0.108353,3606.521328744099,4097.8,4564.7
1146,51.379202,0.101517,51.373289,0.089119,3613.058865871541,3731.5,4001.8
1147,51.375793,0.107093,51.373289,0.089119,3629.5047043892855,3753.1,4050.9
1148,51.39042,0.069566,51.373289,0.089119,3630.558957538423,3699.6,4110
1149,51.383856,0.117846,51.373289,0.089119,3630.9158381785523,3695.1,4123.8
1150,51.366691,0.082858,51.373289,0.089119,3635.0200722267714,3697.6,3855.6
1151,51.354747,0.101483,51.377317,0.100887,3638.3605194289835,3761.2,4455.4
1152,51.394739,0.075845,51.373289,0.089119,3639.869221338562,3734.6,4294.5
1153,51.423287,0.062658,51.373289,0.089119,3647.9462346232635,3940.7,4758.8
1154,51.387122,0.078479,51.373289,0.089119,3651.9128087233116,3737.2,4097.5
1155,51.377192,0.083283,51.373289,0.089119,3655.5148156454266,3724.9,3931.7
1156,51.406061,0.092701,51.426083,0.102051,3656.386016252815,3965.6,4328.6
1157,51.384008,0.078137,51.373289,0.089119,3656.6051598863028,3705.1,4041.8
1158,51.405671,0.048299,51.373289,0.089119,3664.269979077432,3722.1,4482.3
1159,51.392836,0.096084,51.373289,0.089119,3670.528749013327,3840.3,4298.5
1160,51.38408,0.115081,51.376816,0.099724,3676.7537003005464,3937,4148
1161,51.36975,0.081367,51.373289,0.089119,3677.347950240258,3753.1,3933.1
1162,51.401226,0.116967,51.373289,0.089119,3677.5043132223177,4072.7,4644.2
1163,51.366691,0.082858,51.373289,0.089119,3678.0691522041525,3697.6,3855.6
1164,51.389666,0.120895,51.362571,0.095189,3678.303056801648,3726.8,4360.7
1165,51.405966,0.064753,51.373289,0.089119,3679.8425466737926,3846.8,4657.3
1166,51.379926,0.08453,51.373289,0.089119,3683.8534199072838,3821.2,4120.1
1167,51.393921,0.105288,51.373289,0.089119,3684.131929843902,4047.8,4698.1
1168,51.315575,0.034027,51.373289,0.089119,3685.0008653897494,-1.0,-1.0
1169,51.372546,0.087542,51.373289,0.089119,3686.8345281244074,3698.1,3795.5
1170,51.306543,0.046027,51.373289,0.089119,3688.3652527099657,-1.0,-1.0
1171,51.389729,0.092299,51.373289,0.089119,3693.05129070624,3961.3,4360.3
1172,51.368284,0.082987,51.373289,0.089119,3697.7953628600512,3799.6,3984.7
1173,51.384597,0.103294,51.416012,0.117947,3698.32683460329,3970.8,4494.6
1174,51.386181,0.070901,51.373289,0.089119,3698.368400329768,3728.3,4129.4
1175,51.395508,0.096271,51.373289,0.089119,3701.628520017442,4062,4584.2
1176,51.417305,0.115911,51.373289,0.089119,3701.7400063162063,3818.9,4584.7
1177,51.392592,0.0835,51.373289,0.089119,3704.3899987564355,3845.4,4294.5
1178,51.394784,0.123207,51.373289,0.089119,3704.5394698209443,3927.6,4546.7
1179,51.315575,0.034027,51.373289,0.089119,3705.671527399255,-1.0,-1.0
1180,51.408169,0.098927,51.373289,0.089119,3706.1068945913585,3753.1,4326.1
1181,51.397793,0.09717,51.373289,0.089119,3712.386386369835,3987.9,4519.9
1182,51.362667,0.083672,51.373289,0.089119,3715.705937403233,3905.2,4163.2
1183,51.393375,0.071298,51.373289,0.089119,3716.4222005620513,3981.1,4425.4
1184,51.363602,0.096649,51.373289,0.089119,3718.092628171822,3794.5,4060.3
1185,51.359444,0.085241,51.373289,0.089119,3719.1911786940677,3910.2,4197.2
1186,51.383683,0.055719,51.373289,0.089119,3725.3148209819847,4141.5,4821.9
1187,51.377739,0.116504,51.373289,0.089119,3734.7022087668647,3942.3,4314.7
1188,51.36318,0.109239,51.373289,0.089119,3735.0052758494808,3939.7,4250.2
1189,51.377208,0.078399,51.373289,0.089119,3740.197722867229,3800.8,4041.8
1190,51.353438,0.095622,51.373289,0.089119,3741.0743234466254,3831.3,4199.8
1191,51.391474,0.048143,51.373289,0.089119,3742.2753937359334,4229.5,4862.3
1192,51.397793,0.09717,51.373289,0.089119,3748.2131752740306,3987.9,4519.9
1193,51.397793,0.09717,51.373289,0.089119,3748.8294371630527,3987.9,4519.9
1194,51.36379,0.095382,51.373289,0.089119,3749.4499179241157,3825,4060.3
1195,51.359199,0.085731,51.373289,0.089119,3754.45826010645,3904.5,4197.2
1196,51.377192,0.083283,51.373289,0.089119,3757.3990408549726,3864.8,4076.4
1197,51.362651,0.083601,51.373289,0.089119,3761.38378834729,3905.7999999999997,4163.2
1198,51.392836,0.096084,51.373289,0.089119,3762.5658840812166,3840.3,4298.5
1199,51.401988,0.103609,51.381191,0.104231,3763.0181302440687,3825.2,4193
1200,51.401226,0.116967,51.373289,0.089119,3763.0832967972274,4072.7,4644.2
1201,51.37176,0.056793,51.373289,0.089119,3765.724526076297,3861.4,4250.2
1202,51.356958,0.138095,51.365711,0.059512,3768.0700077434385,4092.8,4842.8
1203,51.362882,0.108944,51.367496,0.076858,3771.0815926354526,3913.8,4325.5
1204,51.38495,0.062738,51.373289,0.089119,3771.1800704869333,4148.3,4646.7
1205,51.393375,0.071298,51.373289,0.089119,3776.644324114915,3981.1,4425.4
1206,51.363602,0.096649,51.373289,0.089119,3779.489716734308,3794.5,4060.3
1207,51.426256,0.109774,51.373289,0.089119,3782.8233147221335,4047.8,4840
1208,51.394784,0.123207,51.373289,0.089119,3782.938339890045,3927.6,4546.7
1209,51.312317,0.035579,51.373289,0.089119,3783.049655143221,-1.0,-1.0
1210,51.423164,0.061406,51.407703,0.073603,3789.049327891225,3929.5,4186.8
1211,51.362608,0.097022,51.373289,0.089119,3790.1156409514856,3957.2,4212.2
1212,51.395508,0.096271,51.373289,0.089119,3791.4010060170513,4062,4584.2
1213,51.383856,0.117846,51.373289,0.089119,3792.357665330343,4053.7,4483.1
1214,51.308226,0.037141,51.373289,0.089119,3799.528001730156,-1.0,-1.0
1215,51.377739,0.116504,51.373289,0.089119,3804.420589843769,3942.3,4314.7
1216,51.393354,0.125955,51.373289,0.089119,3804.80855797405,4221.5,4823.9
1217,51.377739,0.116504,51.373289,0.089119,3805.551262817297,3942.3,4314.7
1218,51.387592,0.114488,51.373289,0.089119,3808.0548180704377,3980.5,4548.8
1219,51.360806,0.10564,51.373289,0.089119,3816.198379084435,3916.3,4213.1
1220,51.362667,0.083672,51.373289,0.089119,3816.894697976272,3905.2,4163.2
1221,51.403993,0.110542,51.373289,0.089119,3816.94891946182,3920.8,4724.1
1222,51.368284,0.082987,51.373289,0.089119,3820.3528708935087,3883.4,4066.2
1223,51.394784,0.123207,51.373289,0.089119,3824.6267238757955,3927.6,4546.7
1224,51.389245,0.069895,51.373289,0.089119,3830.5769893513443,4063.6,4458.4
1225,51.423588,0.109037,51.373289,0.089119,3834.988258417112,3993.2,4840
1226,51.387265,0.089019,51.373289,0.089119,3838.9575500159217,3867.6,4360.3
1227,51.38593,0.101273,51.373289,0.089119,3841.244835683148,4183.3,4748.3
1228,51.361349,0.064287,51.373289,0.089119,3843.802867603943,4025,4320.2
1229,51.38334,0.116198,51.373289,0.089119,3846.602268881941,4016.9,4483.1
1230,51.332266,0.024189,51.373289,0.089119,3847.263646632331,3963.7,4789.6
1231,51.371741,0.042793,51.373289,0.089119,3849.1155137652336,3948.7,4406.5
1232,51.381121,0.102078,51.407013,0.072698,3849.5583438644703,4033.1,4514.3
1233,51.363707,0.06882,51.373289,0.089119,3851.5451642033995,3899.9,4320.2
1234,51.371462,0.068718,51.373289,0.089119,3855.6589309868964,3909.5,4193.4
1235,51.379202,0.101517,51.373289,0.089119,3858.411021504841,3915.7,4183.8
1236,51.362667,0.083672,51.373289,0.089119,3859.2372064916344,3905.2,4163.2
1237,51.387265,0.089019,51.373289,0.089119,3859.939905981845,3871.3,4360.3
1238,51.37795,0.077552,51.376739,0.09954,3861.1502669983643,3924.1,4215.8
1239,51.392279,0.035162,51.373289,0.089119,3862.289640254911,4186.8,5330.1
1240,51.387278,0.089104,51.373289,0.089119,3862.409491424141,3871.6000000000004,4360.3
1241,51.393125,0.075682,51.373289,0.089119,3864.5431299712327,4116.2,4549.6
1242,51.372859,0.1031,51.373289,0.089119,3864.830756709767,3876.1,4065.7
1243,51.356318,0.099467,51.373289,0.089119,3866.0593274680286,4182.7,4651.6
1244,51.38674,0.0711,51.373289,0.089119,3867.3533136383116,4102.7,4515.2
1245,51.358061,0.09107,51.373289,0.089119,3869.169535930544,4040,4334.1
1246,51.408169,0.098927,51.373289,0.089119,3873.6973442504022,4011.5,4584.7
1247,51.392942,0.09599,51.362432,0.095065,3877.5451980709718,4232.2,4882.5
1248,51.389245,0.069895,51.373289,0.089119,3880.820550215282,4063.6,4458.4
1249,51.374059,0.0399,51.373289,0.089119,3885.938496779725,4092,4615.3
1250,51.375015,0.014733,51.373289,0.089119,3885.9402487545112,4281.5,4917.3
1251,51.395508,0.096271,51.373289,0.089119,3891.3400636403007,4062,4584.2
1252,51.356318,0.099467,51.373289,0.089119,3891.940748605442,4182.7,4651.6
1253,51.37795,0.077552,51.376739,0.09954,3895.9246767406808,3924.1,4215.8
1254,51.405974,0.064899,51.373289,0.089119,3898.1586595523036,3951.4,4657.3
1255,51.418051,0.077129,51.373289,0.089119,3900.1364087153397,4367.8,5113.4
1256,51.306543,0.046027,51.373289,0.089119,3903.3151103935916,-1.0,-1.0
1257,51.306543,0.046027,51.373289,0.089119,3903.6896402871394,-1.0,-1.0
1258,51.362212,0.091756,51.373289,0.089119,3906.236567306851,4050,4254
1259,51.358061,0.09107,51.373289,0.089119,3909.8013583162096,4040,4334.1
1260,51.384008,0.078137,51.373289,0.089119,3911.5859423190645,4014.4,4321.2
1261,51.38593,0.101273,51.373289,0.089119,3912.2801439207474,4183.3,4748.3
1262,51.401226,0.116967,51.373289,0.089119,3912.3683080082615,4072.7,4644.2
1263,51.306543,0.046027,51.373289,0.089119,3912.9368752121018,-1.0,-1.0
1264,51.401988,0.103609,51.381191,0.104231,3917.7712622839176,4034.3,4402.7
1265,51.376122,0.017745,51.373289,0.089119,3918.214798348452,4264.1,4858.8
1266,51.38678,0.079373,51.373289,0.089119,3919.687348079738,4128.6,4515.4
1267,51.358061,0.09107,51.373289,0.089119,3925.2283500062817,4040,4334.1
1268,51.405966,0.064753,51.373289,0.089119,3929.2289689417826,3951.4,4657.3
1269,51.397793,0.09717,51.373289,0.089119,3932.7431546340713,4296.2,4896.5
1270,51.361349,0.064287,51.373289,0.089119,3935.9228454339086,4025,4320.2
1271,51.401226,0.116967,51.373289,0.089119,3942.9143538266926,4072.7,4644.2
1272,51.366122,0.100181,51.373289,0.089119,3953.269056648117,4083.6,4292
1273,51.374059,0.0399,51.373289,0.089119,3953.9011646893537,4092,4615.3
1274,51.393354,0.125955,51.373289,0.089119,3955.364428954488,4221.5,4823.9
1275,51.308226,0.037141,51.373289,0.089119,3955.752720034545,4585.5,-1.0
1276,51.38674,0.0711,51.373289,0.089119,3955.842572957799,4102.7,4515.2
1277,51.383856,0.117846,51.373289,0.089119,3959.879080827411,4053.7,4483.1
1278,51.389065,0.076755,51.407709,0.073591,3962.640263273829,4135.4,4459.4
1279,51.362212,0.091756,51.373289,0.089119,3962.729720232172,4050,4254
1280,51.386778,0.07701,51.373289,0.089119,3965.20037120645,4081.3,4425.4
1281,51.360806,0.10564,51.373289,0.089119,3968.022612683308,4162.1,4474.1
1282,51.383175,0.080856,51.373289,0.089119,3980.0099411415245,4120.4,4454.2
1283,51.378707,0.099396,51.373289,0.089119,3981.485047665211,4090.7,4288.3
1284,51.373862,0.07611,51.378785,0.101745,3983.2859758626396,4001.5,4253.3
1285,51.38334,0.116198,51.373289,0.089119,3985.3229624039636,4016.9,4483.1
1286,51.386437,0.065909,51.373289,0.089119,3986.7303680317227,4088.8,4646.7
1287,51.371216,0.120965,51.373289,0.089119,3991.022083514531,4329.6,4724.1
1288,51.392692,0.076061,51.373289,0.089119,3992.514579429235,4113.3,4549.6
1289,51.394784,0.123207,51.373289,0.089119,3993.324092830282,4095.4,4853
1290,51.354732,0.101482,51.377414,0.100986,3994.8052060215864,4248.2,4755.1
1291,51.372465,0.078545,51.375813,0.100675,3995.6852646768566,4039.3,4256.2
1292,51.392592,0.0835,51.373289,0.089119,4006.0515253271437,4308.9,4839.3
1293,51.36379,0.095382,51.373289,0.089119,4015.898263421702,4097.8,4397.2
1294,51.383856,0.117846,51.373289,0.089119,4017.919830409445,4123,4548.8
1295,51.311086,0.034008,51.373289,0.089119,4021.341976197312,4500.3,-1.0
1296,51.358061,0.09107,51.373289,0.089119,4026.2075165833858,4056.4,4334.1
1297,51.392991,0.054097,51.373289,0.089119,4027.6622861415444,4132,4862.3
1298,51.419111,0.075381,51.373289,0.089119,4029.5126409243485,4414,5108.9
1299,51.397793,0.09717,51.373289,0.089119,4029.680977972844,4296.2,4896.5
1300,51.363608,0.098554,51.373289,0.089119,4032.4174851254875,4108.3,4377.9
1301,51.315575,0.034027,51.373289,0.089119,4036.072130684036,-1.0,-1.0
1302,51.377192,0.083283,51.373289,0.089119,4039.663689812856,4132.6,4410.2
1303,51.38334,0.116198,51.373289,0.089119,4045.8947755661925,4082.2,4548.8
1304,51.36714,0.120211,51.373289,0.089119,4046.4164213993554,4295.3,4710.4
1305,51.359199,0.085731,51.373289,0.089119,4046.942320621468,4161.2,4440.8
1306,51.391005,0.084979,51.373289,0.089119,4049.6417367172808,4285.7,4687.4
1307,51.395508,0.096271,51.373289,0.089119,4049.7509242571346,4062,4584.2
1308,51.356958,0.138095,51.365711,0.059512,4049.845196803732,4092.8,4842.8
1309,51.386181,0.070901,51.373289,0.089119,4055.0070685593246,4111.7,4515.2
1310,51.391474,0.048143,51.373289,0.089119,4059.2616847371937,4229.5,4862.3
1311,51.376235,0.122352,51.373289,0.089119,4064.083029184636,4397.5,4851.5
1312,51.386313,0.045252,51.373289,0.089119,4075.410974240117,4353.2,5125
1313,51.354854,0.101794,51.373289,0.089119,4081.9133294376693,4122.7,4651.6
1314,51.38495,0.062738,51.373289,0.089119,4090.275813533412,4148.3,4646.7
1315,51.362608,0.097022,51.373289,0.089119,4091.468716501591,4138.5,4397.2
1316,51.38334,0.116198,51.373289,0.089119,4099.863041021259,4261.6,4698.1
1317,51.421544,0.060143,51.382413,0.045041,4100.356975494004,4626.5,5172
1318,51.392592,0.0835,51.373289,0.089119,4101.547829658212,4308.9,4839.3
1319,51.312317,0.035579,51.373289,0.089119,4103.106383594352,4451.3,-1.0
1320,51.395508,0.096271,51.373289,0.089119,4112.507376130895,4373.3,4896.5
1321,51.392836,0.096084,51.373289,0.089119,4115.227204348509,4230.3,4690
1322,51.382804,0.058775,51.373289,0.089119,4115.356633434271,4183,4821.9
1323,51.423072,0.10918,51.407821,0.073606,4115.632700135817,4257.3,4915
1324,51.397793,0.09717,51.373289,0.089119,4116.087179263522,4296.2,4896.5
1325,51.417305,0.115911,51.373289,0.089119,4118.6934562610295,4172.6,4840
1326,51.371216,0.120965,51.373289,0.089119,4120.858853987331,4329.6,4724.1
1327,51.372546,0.087542,51.373289,0.089119,4122.6988335498845,4148.1,4245.5
1328,51.363475,0.098595,51.373289,0.089119,4125.811998410471,4173.2,4377.9
1329,51.363608,0.098554,51.373289,0.089119,4126.590425937055,4171.4,4377.9
1330,51.305445,0.020836,51.373289,0.089119,4131.474268001843,-1.0,-1.0
1331,51.306689,0.036265,51.373289,0.089119,4132.0279101461965,-1.0,-1.0
1332,51.306543,0.046027,51.373289,0.089119,4134.033377322913,-1.0,-1.0
1333,51.393354,0.125955,51.373289,0.089119,4140.293797283708,4221.5,4823.9
1334,51.381592,0.103512,51.373289,0.089119,4142.651714515583,4180,4522
1335,51.36318,0.109239,51.373289,0.089119,4144.5940214634,4324.2,4647.7
1336,51.354854,0.101794,51.373289,0.089119,4148.232569786729,4243.8,4651.6
1337,51.393354,0.125955,51.373289,0.089119,4153.315905569681,4221.5,4823.9
1338,51.360806,0.10564,51.373289,0.089119,4159.42392517121,4178,4474.1
1339,51.375015,0.014733,51.373289,0.089119,4159.495305725001,4281.5,4917.3
1340,51.400292,0.10827,51.41914,0.072061,4160.273790223232,4564,4972.7
1341,51.381121,0.102078,51.407013,0.072698,4164.534747273247,4290.8,4767.8
1342,51.332266,0.024189,51.373289,0.089119,4165.305479103859,4676,-1.0
1343,51.36975,0.081367,51.373289,0.089119,4165.3622215586565,4233.1,4413.1
1344,51.377192,0.083283,51.373289,0.089119,4165.477576121642,4202.7,4410.2
1345,51.371552,0.121628,51.376815,0.099875,4166.934553692944,4412.6,4763.2
1346,51.371741,0.042793,51.373289,0.089119,4167.213609934069,4301.4,4940.2
1347,51.376235,0.122352,51.373289,0.089119,4168.440440368988,4397.5,4851.5
1348,51.353438,0.095622,51.373289,0.089119,4168.650069297012,4321.4,4692.7
1349,51.377208,0.078399,51.373289,0.089119,4170.530737443928,4246.2,4485.4
1350,51.394739,0.075845,51.373289,0.089119,4186.0110094848105,4484.6,5001.1
1351,51.362212,0.091756,51.373289,0.089119,4191.757915335672,4251.1,4457.4
1352,51.375015,0.014733,51.373289,0.089119,4195.006808021464,4281.5,4917.3
1353,51.387592,0.114488,51.373289,0.089119,4196.529269507047,4429.8,4853.5
