128,51.362651,0.083601,51.373289,0.089119,601.7863996716821,707.6,963.4
129,51.378707,0.099396,51.373289,0.089119,602.3676759124294,730.7,928.3
130,51.371216,0.120965,51.373289,0.089119,605.1601621064663,818.2,1212.8
131,51.360806,0.10564,51.373289,0.089119,611.7071520756379,684.3,976.9
132,51.387191,0.114103,51.366065,0.055464,621.8346768455457,781.6,1443.3
133,51.363475,0.098595,51.373289,0.089119,623.1307270928337,657.3,862.3
134,51.384597,0.103294,51.416012,0.117947,625.5642762909328,675.1,1195.6
135,51.306689,0.036265,51.373289,0.089119,627.4413508547168,985.4,2629.1
136,51.304739,0.021725,51.316095,0.044692,628.7932345627435,1233.7,1688.6
137,51.390716,0.105521,51.396915,0.106306,632.8649239502291,894.3,1160.5
138,51.395533,0.12514,51.386682,0.0346,633.9100422494853,1115,2068.9
139,51.35808,0.090973,51.373289,0.089119,634.4223473785765,712.4,992.5
140,51.376235,0.122352,51.373289,0.089119,636.6135854142751,686.1,1212.8
141,51.36714,0.120211,51.373289,0.089119,640.0687075063042,845.3,1206.1
142,51.394739,0.075845,51.373289,0.089119,653.9312209464822,825.7,1304.1
143,51.386181,0.070901,51.373289,0.089119,655.6752219142734,746,1152.8
144,51.362212,0.091756,51.373289,0.089119,656.2512765625223,779.8,983.8
145,51.394784,0.123207,51.373289,0.089119,660.5729611347549,819.7,1470.2
146,51.391474,0.048143,51.373289,0.089119,663.7097996563823,744.8,1323.9
147,51.377739,0.116504,51.373289,0.089119,668.8428365163811,930.4,1318.2
148,51.400292,0.10827,51.41914,0.072061,672.5600059469208,1000.8,1408.8
149,51.359444,0.085241,51.373289,0.089119,674.3027690643463,697.1,982.9
150,51.377192,0.083283,51.373289,0.089119,676.1861901962775,754.9,961.7
151,51.392592,0.0835,51.373289,0.089119,678.7277759778523,849.5,1298.9
152,51.4096,0.053079,51.373289,0.089119,682.9081893257991,870,1781.1
153,51.387122,0.078479,51.373289,0.089119,690.5977726330005,768.5,1131.4
154,51.363707,0.06882,51.373289,0.089119,696.9579629347954,929.1,1343.2
155,51.386181,0.070901,51.373289,0.089119,701.4418842919478,746,1152.8
156,51.377957,0.111321,51.373289,0.089119,706.864574071524,904,1245.7
157,51.36352,0.098566,51.373289,0.089119,708.6158262659038,772.4,976.9
158,51.423588,0.109037,51.373289,0.089119,714.363945361755,1055.5,1784
159,51.386154,0.060555,51.373289,0.089119,719.9350390843291,842,1341.2
160,51.365635,0.098214,51.373289,0.089119,719.9680335106367,800,988.7
161,51.332266,0.024189,51.373289,0.089119,721.4041814849747,1204.1,2029.6
162,51.374951,0.014687,51.373289,0.089119,722.5920892625602,781.6,1496
163,51.359077,0.110302,51.373289,0.089119,729.058241639601,1019.7,1546.9
164,51.391431,0.048291,51.373289,0.089119,738.9314252682652,753.3,1323.9
165,51.372613,0.016006,51.373289,0.089119,740.2939467275546,826.6,1496
166,51.362913,0.069291,51.377894,0.101348,746.1667684178542,787.2,1202.7
167,51.363579,0.098549,51.373289,0.089119,747.2448719675499,773.0,976.9
168,51.367592,0.072076,51.373289,0.089119,753.4360852630143,899.9,1198.3
169,51.394819,0.121873,51.373289,0.089119,759.7129688320778,866.2,1470.2
170,51.400049,0.059786,51.373289,0.089119,765.8967486430291,905.4,1603.7
171,51.397793,0.09717,51.373289,0.089119,769.9390592961377,1082,1612.1
172,51.366691,0.082858,51.373289,0.089119,776.4116295742209,798.8,955
173,51.397662,0.122674,51.418611,0.089081,780.221535863042,1235.6,1761.1
174,51.369569,0.093063,51.373289,0.089119,786.5953086870273,836.7,949.8
175,51.386181,0.070901,51.373289,0.089119,794.8096972364708,967.4,1367.5
176,51.410224,0.107669,51.407785,0.07365,796.6818466788019,942.9,1307.3
177,51.406868,0.076718,51.373289,0.089119,798.476535826486,1038.4,2212.8
178,51.35808,0.090973,51.373289,0.089119,799.3525891990874,960.8,1240.1
179,51.371822,0.056715,51.373289,0.089119,803.845923243465,916.7,1308.3
180,51.426309,0.090386,51.373289,0.089119,807.2347332206512,894.7,1784
181,51.375793,0.107093,51.373289,0.089119,819.736784995992,929.2,1226
182,51.405966,0.064753,51.373289,0.089119,820.5676095084652,1064.7,1781.1
183,51.419125,0.07225,51.400319,0.108353,821.9920659061411,845.9,1420.4
184,51.376122,0.017745,51.373289,0.089119,831.2596405580953,900.1,1496
185,51.401677,0.108956,51.373289,0.089119,835.3984273476823,1110.4,1675.3
186,51.366122,0.100181,51.373289,0.089119,843.7532239905446,958.3,1162.1
187,51.374278,0.063239,51.372635,0.097794,846.5772348176216,1014.3,1293
188,51.356318,0.099467,51.373289,0.089119,850.6120013617458,1202.3,1653.3
189,51.401226,0.116967,51.373289,0.089119,858.657902534076,1253.5,1869.1
190,51.377208,0.078399,51.373289,0.089119,859.5189417403589,884,1124.4
191,51.366122,0.100181,51.373289,0.089119,862.6416398839099,958.3,1162.1
192,51.363707,0.06882,51.373289,0.089119,869.4457374731252,929.1,1343.2
193,51.386154,0.060555,51.373289,0.089119,870.16288003646,1133.3,1723.4
194,51.401226,0.116967,51.373289,0.089119,873.529327172246,1253.5,1869.1
195,51.387265,0.089019,51.373289,0.089119,881.5581617394499,920.1,1250.7
196,51.371822,0.056715,51.373289,0.089119,883.0024354390991,916.7,1308.3
197,51.387592,0.114488,51.373289,0.089119,883.6904849028826,1127.5,1552.6
198,51.395508,0.096271,51.373289,0.089119,890.9647510498497,1001.9,1612.1
199,51.332266,0.024189,51.373289,0.089119,891.8076422570068,1204.1,2029.6
200,51.372859,0.1031,51.373289,0.089119,894.5892764404665,910.7,1064.1
201,51.36318,0.109239,51.373289,0.089119,905.7460226619324,1054.2,1386.3
202,51.372641,0.097814,51.373289,0.089119,913.9592634073365,940.2,1062.3
203,51.360806,0.10564,51.373289,0.089119,914.3387749385715,1132.1,1461.6
204,51.384597,0.103294,51.416012,0.117947,919.7205688746945,1092,1614.8
205,51.422627,0.107933,51.373289,0.089119,927.6230271510879,1030.1,1784
206,51.369569,0.093063,51.373289,0.089119,933.3750927711055,999.7,1112.1
207,51.371741,0.042793,51.373289,0.089119,946.4059627621426,1081.7,1544.1
208,51.383258,0.08116,51.373289,0.089119,951.5986485370036,1056.2,1428.1
209,51.363782,0.107029,51.373289,0.089119,955.6031115716047,1092.4,1386.3
210,51.387265,0.089019,51.373289,0.089119,976.952216145209,1021.3,1354.5
211,51.384008,0.078137,51.373289,0.089119,988.7823701289576,991.8,1304.1
212,51.409601,0.053088,51.373289,0.089119,993.4530239772816,1472.3,2231.1
213,51.306689,0.036265,51.373289,0.089119,995.212095226032,1332.2,2479.2
214,51.378707,0.099396,51.373289,0.089119,1005.2634501473685,1120.7,1318.3
215,51.401988,0.103609,51.381191,0.104231,1007.4568959012544,1343.7,1712
216,51.374589,0.107636,51.373289,0.089119,1009.1147786025123,1079.5,1318.2
217,51.38571,0.060957,51.381513,0.079601,1010.7187427082558,1133.8,1439
218,51.387191,0.114103,51.366065,0.055464,1010.8160204658043,1111.7,1926.1
219,51.392942,0.09599,51.362432,0.095065,1013.2629022050864,1292.2,1823.1
220,51.383163,0.081111,51.373289,0.089119,1015.1643140883465,1051.7,1428.1
221,51.384597,0.103294,51.416012,0.117947,1016.804749187494,1092,1614.8
222,51.392027,0.111732,51.373289,0.089119,1023.934843596612,1076.2,1470.2
223,51.394739,0.075845,51.373289,0.089119,1025.7107277757325,1274.6,1744.5
224,51.39042,0.069566,51.373289,0.089119,1030.7049347233553,1240.9,1651.8
225,51.358061,0.09107,51.373289,0.089119,1033.1220389879525,1178.5,1499.8
226,51.378707,0.099396,51.373289,0.089119,1034.6614829645218,1120.7,1318.3
227,51.36714,0.120211,51.373289,0.089119,1046.2542097713426,1235.3,1596.1
228,51.352513,0.091851,51.373289,0.089119,1047.5720386678597,1298.4,1635.1
229,51.394784,0.123207,51.373289,0.089119,1059.6204572298134,1630.6,2287.2
230,51.417305,0.115911,51.373289,0.089119,1063.5570316153182,1122,1784
231,51.387191,0.114103,51.366065,0.055464,1063.66688046448,1111.7,1926.1
232,51.359444,0.085241,51.373289,0.089119,1068.5827061311504,1256.9,1544.6
233,51.389245,0.069895,51.373289,0.089119,1073.8050160958242,1174.8,1603.7
234,51.383175,0.080856,51.373289,0.089119,1077.931887746341,1098.3,1428.1
235,51.38334,0.116198,51.373289,0.089119,1100.4098846182576,1346.9,1876.7
236,51.362212,0.091756,51.373289,0.089119,1104.151896680053,1170,1374
237,51.359077,0.110302,51.373289,0.089119,1104.4776081457305,1188.5,1546.9
238,51.38674,0.0711,51.373289,0.089119,1107.1125174821602,1308.9,1700.1
239,51.312317,0.035579,51.373289,0.089119,1116.5434160157697,1186.1,2479.2
240,51.383856,0.117846,51.373289,0.089119,1117.6139136694471,1347.3,1875.8
241,51.369122,0.063625,51.373289,0.089119,1119.2779019277118,1189.1,1517.3
242,51.371741,0.042793,51.373289,0.089119,1119.5754252848017,1286.5,1743.2
243,51.422324,0.109729,51.373289,0.089119,1128.0774860380698,1215.6,2001.6
244,51.38495,0.062738,51.373289,0.089119,1129.9515356343923,1216.3,1723.4
245,51.395533,0.12514,51.386682,0.0346,1133.0500538876472,1166.5,2068.9
246,51.369122,0.063625,51.373289,0.089119,1133.316626259387,1189.1,1517.3
247,51.361479,0.107549,51.373289,0.089119,1160.7539879457534,1306.8,1633.7
248,51.362898,0.108847,51.382471,0.045073,1167.5703730054834,1298.2,2063.1
249,51.408169,0.098927,51.373289,0.089119,1170.3365163707665,1425.3,2017.2
250,51.376235,0.122352,51.373289,0.089119,1171.573649605383,1401,2031.1
251,51.314016,0.026048,51.369433,0.035627,1173.1052947104606,1685.8,2822.5
252,51.36714,0.120211,51.373289,0.089119,1178.489180635183,1235.3,1596.1
253,51.358061,0.09107,51.373289,0.089119,1181.280588630248,1217.7,1499.8
254,51.365635,0.098214,51.373289,0.089119,1182.8036123174581,1276.8,1461.6
255,51.37258,0.082055,51.376987,0.097059,1185.0731182216439,1213.3,1405.9
256,51.363475,0.098595,51.373289,0.089119,1192.0432673884268,1221.5,1461.6
257,51.36352,0.098566,51.373289,0.089119,1201.3055407558888,1237.4,1461.6
258,51.367592,0.072076,51.373289,0.089119,1201.6650137639188,1335.3,1635.8
259,51.36283,0.069857,51.373915,0.09662,1219.9691191756976,1373.6,1677.7
260,51.374951,0.014687,51.373289,0.089119,1220.054101004219,1633.4,2364.9
261,51.372546,0.087542,51.373289,0.089119,1220.8210812956454,1231.3,1323.9
262,51.372546,0.087542,51.373289,0.089119,1232.8625020867023,1270.8,1367.5
263,51.371552,0.121628,51.376815,0.099875,1238.9013251749147,1442.6,1773.8
264,51.397793,0.09717,51.373289,0.089119,1243.994330850575,1476.2,2010
265,51.361349,0.064287,51.373289,0.089119,1245.9389403193816,1357.9,1653.1
266,51.417305,0.115911,51.373289,0.089119,1251.1667881570875,1280.9,2001.6
267,51.377208,0.078399,51.373289,0.089119,1254.3346962661558,1320.4,1556.3
268,51.356958,0.138095,51.365711,0.059512,1261.0249984046168,1570.4,2321.7
269,51.38593,0.101273,51.373289,0.089119,1269.399649214949,1465.9,2070.2
270,51.393354,0.125955,51.373289,0.089119,1270.7146088188176,1701.5,2303.9
271,51.391474,0.048143,51.373289,0.089119,1282.6488447733998,1531.5,2174.4
272,51.417305,0.115911,51.373289,0.089119,1288.1225238094057,1302,2001.6
273,51.38678,0.079373,51.373289,0.089119,1291.528124067546,1347.3,1734
274,51.363782,0.107029,51.373289,0.089119,1292.2943587194654,1409.3,1698.4
275,51.312317,0.035579,51.373289,0.089119,1298.7018545725525,1498.6,2629.1
276,51.374262,0.105042,51.373289,0.089119,1299.0593277849932,1442.7,1678.3
277,51.383163,0.081111,51.373289,0.089119,1299.2032762156214,1424.9,1764.2
278,51.417305,0.115911,51.373289,0.089119,1306.8615706342196,1340.8,2001.6
279,51.371822,0.056715,51.373289,0.089119,1310.272060570322,1534.1,2003.9
280,51.367544,0.096128,51.365274,0.064172,1312.2346678911645,1328.1,1655.9
281,51.411259,0.054505,51.373289,0.089119,1316.5296195811575,1479.6,2391.4
282,51.419111,0.075381,51.373289,0.089119,1316.7123456070556,1628.4,2572.3
283,51.393442,0.034359,51.373289,0.089119,1321.8857062302693,1760.2,2456.9
284,51.395533,0.12514,51.386682,0.0346,1328.8612089635094,1749.7,2662.9
285,51.359077,0.110302,51.373289,0.089119,1333.2256219409464,1505.8,1863.5
286,51.397737,0.051201,51.373289,0.089119,1333.2512502071343,1780.5,2594.5
287,51.383258,0.08116,51.373289,0.089119,1334.9251920821234,1429.4,1764.2
288,51.391431,0.048291,51.373289,0.089119,1336.9894755290647,1530.2,2174.4
289,51.361702,0.097327,51.373289,0.089119,1340.5077128187536,1385.7,1702.6
290,51.354854,0.101794,51.373289,0.089119,1356.0519477967273,1579.7,2111.7
291,51.383258,0.08116,51.373289,0.089119,1356.7592698704993,1429.4,1764.2
292,51.409601,0.053088,51.373289,0.089119,1360.1425699728372,1472.3,2231.1
293,51.366122,0.100181,51.373289,0.089119,1364.194517707184,1411,1619.9
294,51.384008,0.078137,51.373289,0.089119,1391.912487897412,1428.7,1734
295,51.36379,0.095382,51.373289,0.089119,1392.7177923990428,1440.2,1677.1
296,51.387278,0.089104,51.373289,0.089119,1393.9145351970021,1452.5,1781.1
297,51.405966,0.064753,51.373289,0.089119,1394.0126899219754,1754.9,2733.9
298,51.411862,0.105866,51.362488,0.095046,1397.5431894571905,1866.4,2804.6
299,51.387592,0.114488,51.373289,0.089119,1398.8189161270077,1456,1876.7
300,51.30615,0.042296,51.373289,0.089119,1402.7076766936523,1965,3352.4
301,51.423588,0.109037,51.373289,0.089119,1403.7550862137798,1886.2,3047.7
302,51.362667,0.083672,51.373289,0.089119,1406.7014570011677,1479.4,1738.7
303,51.384597,0.103294,51.416012,0.117947,1410.5598719366367,1634.6,2155.5
304,51.405966,0.064753,51.373289,0.089119,1411.4402083588084,1695.2,2391.4
305,51.395533,0.12514,51.386682,0.0346,1412.0682241040593,1749.8,2662.9
306,51.362608,0.097022,51.373289,0.089119,1419.63501957731,1446,1702.6
307,51.356958,0.138095,51.365711,0.059512,1429.7523469754492,1570.4,2321.7
308,51.376122,0.017745,51.373289,0.089119,1432.5380679156294,1592.7,2364.9
309,51.36379,0.095382,51.373289,0.089119,1435.0344763065398,1440.2,1677.1
310,51.359176,0.085596,51.36659,0.066972,1436.7647656661345,1563.8,1890.6
311,51.384008,0.078137,51.373289,0.089119,1445.2975421155966,1527.8,1835
312,51.387265,0.089019,51.373289,0.089119,1447.194984186955,1524.5,1866.8
313,51.372859,0.1031,51.373289,0.089119,1447.6711278023156,1480.7,1634.1
314,51.373184,0.065185,51.375196,0.098807,1449.092724353364,1569.1,1844
315,51.381592,0.103512,51.373289,0.089119,1451.2291037316638,1570.9,1875.8
316,51.387278,0.089104,51.373289,0.089119,1451.476706420376,1524.8,1866.8
317,51.391474,0.048143,51.373289,0.089119,1453.0677829413787,1531.5,2174.4
318,51.423287,0.062658,51.373289,0.089119,1454.5808195959241,1926.7,2849.5
319,51.372859,0.1031,51.373289,0.089119,1457.7805951406574,1480.7,1634.1
320,51.312317,0.035579,51.373289,0.089119,1459.4489815448976,1525.1,3352.4
321,51.36318,0.109239,51.373289,0.089119,1460.0735212522193,1532,1839
322,51.387278,0.089104,51.373289,0.089119,1461.6964123905648,1524.8,1866.8
323,51.36714,0.120211,51.373289,0.089119,1463.7010460614522,1685.4,2046.3
324,51.362882,0.108944,51.367496,0.076858,1463.9327626283985,1573,1985.5
325,51.308226,0.037141,51.373289,0.089119,1465.464788754398,1873.5,3352.4
326,51.360921,0.075825,51.386599,0.034845,1466.6830067046233,1603.6,2108.5
327,51.376235,0.122352,51.373289,0.089119,1473.1063129030938,1602,2031.1
328,51.411243,0.054439,51.373289,0.089119,1474.363949429952,1518.1,2391.4
329,51.308226,0.037141,51.373289,0.089119,1477.669890388126,-1.0,-1.0
330,51.374059,0.0399,51.373289,0.089119,1487.578438854222,1695.2,2216.9
331,51.371552,0.121628,51.376815,0.099875,1501.490004770387,1742.6,2073.8
332,51.387278,0.089104,51.373289,0.089119,1502.0400035587234,1534.7,1866.8
333,51.379202,0.101517,51.373289,0.089119,1507.7099087546467,1594.7,1869.1
334,51.36379,0.095382,51.373289,0.089119,1509.7854000849647,1560.1,1797
335,51.384597,0.103294,51.416012,0.117947,1512.9656593869029,1634.6,2155.5
336,51.38495,0.062738,51.373289,0.089119,1514.3800709252018,1809.7,2307.8
337,51.36352,0.098566,51.373289,0.089119,1521.947027704361,1669.3,1874
338,51.387592,0.114488,51.373289,0.089119,1528.538325441808,1651.8,2070.2
339,51.36975,0.081367,51.373289,0.089119,1533.0610042644457,1640.9,1821.2
340,51.409062,0.062033,51.373289,0.089119,1536.8976989310554,1574.6,2231.1
341,51.377192,0.083283,51.373289,0.089119,1540.1449326676739,1624.9,1831.7
342,51.393125,0.075682,51.373289,0.089119,1540.428558312756,1716.1000000000001,2149.6
343,51.401677,0.108956,51.373289,0.089119,1542.9110138344552,1958.8,2579.5
344,51.394784,0.123207,51.373289,0.089119,1545.4836634249002,1630.6,2287.2
345,51.387122,0.078479,51.373289,0.089119,1548.3905719653173,1667.2,2114.4
346,51.362882,0.108944,51.367496,0.076858,1557.2613986538124,1573,1985.5
347,51.362913,0.069291,51.377894,0.101348,1561.4624094764592,1674.3,2042.7
348,51.392991,0.054097,51.373289,0.089119,1564.0813995525145,1629.6,2174.4
349,51.420579,0.061099,51.373289,0.089119,1565.0662354043566,1849.8,2572.3
350,51.369122,0.063625,51.373289,0.089119,1575.2783000629433,1676.3,2003.9
351,51.308226,0.037141,51.373289,0.089119,1576.6984278027594,-1.0,-1.0
352,51.392692,0.076061,51.373289,0.089119,1593.280368140624,1713.2,2149.6
353,51.38593,0.101273,51.373289,0.089119,1594.0030299142677,1742.8,2212.8
354,51.332266,0.024189,51.373289,0.089119,1594.0350642432425,1886,3258.6
355,51.418051,0.077129,51.373289,0.089119,1596.1751939864384,1652.7,2572.3
356,51.387122,0.078479,51.373289,0.089119,1600.340914780467,1667.2,2114.4
357,51.38495,0.062738,51.373289,0.089119,1602.157215357348,1809.7,2307.8
358,51.374262,0.105042,51.373289,0.089119,1602.33771774713,1719.9,1955.2
359,51.387592,0.114488,51.373289,0.089119,1603.5450916668942,1651.8,2070.2
360,51.374262,0.105042,51.373289,0.089119,1604.6558872555536,1719.9,1955.2
361,51.381592,0.103512,51.373289,0.089119,1610.0405898773283,1698.9,2028.2
362,51.332266,0.024189,51.373289,0.089119,1619.234261879685,1886,3258.6
363,51.387278,0.089104,51.373289,0.089119,1622.01110598722,1685.2,2017.2
364,51.387265,0.089019,51.373289,0.089119,1625.7024686354569,1685.5,2017.2
365,51.405671,0.048299,51.373289,0.089119,1628.9304965689596,2143.5,2941.7
366,51.36352,0.098566,51.373289,0.089119,1633.69496103111,1669.3,1874
367,51.369122,0.063625,51.373289,0.089119,1634.5593104980908,1676.3,2003.9
368,51.361702,0.097327,51.373289,0.089119,1635.8069596743271,1803,2180.4
369,51.435428,0.115935,51.373289,0.089119,1639.712319643459,2078.2,3047.7
370,51.38334,0.116198,51.373289,0.089119,1641.9541035850636,1861.9,2328.8
371,51.38678,0.079373,51.373289,0.089119,1644.697310162175,1697.8,2114.4
372,51.359077,0.110302,51.373289,0.089119,1649.077183297282,1760,2117.9
373,51.396677,0.113421,51.375202,0.099462,1650.6979404135604,1778.4,2096.7
374,51.419125,0.07225,51.400319,0.108353,1659.41715520542,2087.8,2554.7
375,51.374059,0.0399,51.373289,0.089119,1660.7247743947212,1695.2,2216.9
376,51.374951,0.014687,51.373289,0.089119,1664.5265927683454,1727.7,2364.9
377,51.374951,0.014687,51.373289,0.089119,1673.75680366844,1727.7,2364.9
378,51.359444,0.085241,51.373289,0.089119,1676.0702022054938,1743.5,2031.9
379,51.312788,0.031036,51.373289,0.089119,1679.282283184035,2279.9,3598.7
380,51.38593,0.101273,51.373289,0.089119,1691.8389868457639,1742.8,2212.8
381,51.411862,0.105866,51.362488,0.095046,1695.5847762052233,1866.4,2804.6
382,51.391474,0.048143,51.373289,0.089119,1701.1143557617472,2041.5,2688
383,51.421544,0.060143,51.382413,0.045041,1707.2389210565243,2232.1,2777.4
384,51.312317,0.035579,51.373289,0.089119,1708.1434001515236,2208.1,3598.7
385,51.36975,0.081367,51.373289,0.089119,1710.8968178446025,1803.1,1983.1
386,51.362212,0.091756,51.373289,0.089119,1712.6692454938282,1791.4,2010.7
387,51.360806,0.10564,51.373289,0.089119,1712.812226203288,1822.1,2118.1
388,51.421226,0.067638,51.373289,0.089119,1718.2341043055553,1925.6,2572.3
389,51.363475,0.098595,51.373289,0.089119,1720.3178656461498,1802.4,2007.2
390,51.38334,0.116198,51.373289,0.089119,1722.598333013792,1861.9,2328.8
391,51.392027,0.111732,51.373289,0.089119,1723.6150589457666,1843.1,2287.2
392,51.389245,0.069895,51.373289,0.089119,1729.0658214793932,1887.2,2280.2
393,51.312317,0.035579,51.373289,0.089119,1733.0821893164336,2208.1,3598.7
394,51.395508,0.096271,51.373289,0.089119,1743.6095914603957,2112,2634.2
395,51.358061,0.09107,51.373289,0.089119,1747.9393936479078,1832.8,2111.7
396,51.365635,0.098214,51.373289,0.089119,1764.8732240090953,1850,2038.7
397,51.360806,0.10564,51.373289,0.089119,1766.4496910887167,1822.1,2118.1
398,51.377192,0.083283,51.373289,0.089119,1768.2096839984208,1854.8,2066.4
399,51.314016,0.026048,51.369433,0.035627,1774.1701206375587,2362.1,3073.4
400,51.332266,0.024189,51.373289,0.089119,1774.228759487268,1886,3258.6
401,51.362651,0.083601,51.373289,0.089119,1780.3919399667282,1933.9,2191.5
402,51.418051,0.077129,51.373289,0.089119,1782.0284090463324,2007.5,2733.9
403,51.354732,0.101482,51.377414,0.100986,1782.8385768378603,2039.4999999999998,2710.9
404,51.362212,0.091756,51.373289,0.089119,1783.5045129722364,1807.1,2010.7
405,51.353215,0.095823,51.373289,0.089119,1789.1364654401625,2079.1,2451.4
406,51.392836,0.096084,51.373289,0.089119,1791.14107115552,2049.4,2527.1
407,51.423164,0.061406,51.407703,0.073603,1793.5131486647426,1915.5,2125.4
408,51.426256,0.109774,51.373289,0.089119,1794.143856362471,2310.9,3219.8
409,51.363579,0.098549,51.373289,0.089119,1796.8602679354462,1801,2007.2
410,51.387278,0.089104,51.373289,0.089119,1798.5833503719239,1902.4,2231.1
411,51.315575,0.034027,51.373289,0.089119,1802.9592598828738,2215.8,3258.6
412,51.377208,0.078399,51.373289,0.089119,1803.6754679538053,1873.9,2114.4
413,51.361702,0.097327,51.373289,0.089119,1806.626181448393,1851.1,2180.4
414,51.36318,0.109239,51.373289,0.089119,1809.166875488658,1954.5,2265.5
415,51.391431,0.048291,51.373289,0.089119,1812.5373487230281,2040.2,2688
416,51.389245,0.069895,51.373289,0.089119,1818.2553720456633,1887.2,2280.2
417,51.418293,0.128845,51.373289,0.089119,1820.551924161728,2387.5,3171.8
418,51.383856,0.117846,51.373289,0.089119,1826.05145433989,1902.9,2328.8
419,51.369122,0.063625,51.373289,0.089119,1835.525054587301,1929.2,2254.3
420,51.371552,0.121628,51.376815,0.099875,1841.2279301747762,2042.6,2373.8
421,51.353438,0.095622,51.373289,0.089119,1845.3725294492247,2074.6,2451.4
422,51.359199,0.085731,51.373289,0.089119,1851.7052973234295,2015.9,2308
423,51.377739,0.116504,51.373289,0.089119,1853.7404297177004,2022.3,2394.7
424,51.363602,0.096649,51.373289,0.089119,1862.6469136068151,1924.9,2180.4
425,51.305445,0.020836,51.373289,0.089119,1867.2199594924211,-1.0,-1.0
426,51.421544,0.060143,51.382413,0.045041,1896.6487467620843,2232.1,2777.4
427,51.386313,0.045252,51.373289,0.089119,1898.9931355575588,2133.8,3171.6
428,51.387417,0.03888,51.373289,0.089119,1909.3410997530868,2195.5,2930.3
429,51.363707,0.06882,51.373289,0.089119,1909.4153773792332,2074.5,2493.5
430,51.403993,0.110542,51.373289,0.089119,1911.0495211070108,2027.5,2579.5
431,51.305112,0.020112,51.392665,0.034982,1915.3375222137668,-1.0,-1.0
432,51.392592,0.0835,51.373289,0.089119,1920.3879524942113,2147,2593.4
433,51.394739,0.075845,51.373289,0.089119,1920.534885525887,2174.6,2644.5
434,51.374059,0.0399,51.373289,0.089119,1923.511370091528,2046.7,2572.5
435,51.375793,0.107093,51.373289,0.089119,1923.9264283853956,2001.3,2293.7
436,51.409062,0.062033,51.373289,0.089119,1924.9032174819156,1992.3,2941.7
437,51.396666,0.103044,51.374848,0.115339,1927.9001856846003,2222.4,2576.7
438,51.386154,0.060555,51.373289,0.089119,1929.1439465131834,2042,2594.5
439,51.384597,0.103294,51.416012,0.117947,1929.521017864358,2015.7,2539.6
440,51.392592,0.0835,51.373289,0.089119,1934.0836469489889,2147,2593.4
441,51.384597,0.103294,51.416012,0.117947,1935.765917349819,2015.7,2539.6
442,51.362608,0.097022,51.373289,0.089119,1936.4228516001351,2060.3,2314.9
443,51.389065,0.076755,51.407709,0.073591,1942.1649842852235,2169,2497
444,51.419111,0.075381,51.373289,0.089119,1944.7597156236855,2035.8,2733.9
445,51.358061,0.09107,51.373289,0.089119,1954.231539179295,2130.9,2410.3
446,51.359444,0.085241,51.373289,0.089119,1958.7977044417864,2021.6000000000001,2308
447,51.354854,0.101794,51.373289,0.089119,1960.1442082302137,2035.8,2452.6
448,51.365635,0.098214,51.373289,0.089119,1960.9291886745757,1988,2173.4
449,51.408169,0.098927,51.373289,0.089119,1964.3311333653596,2038.7,2611.6
450,51.354747,0.101483,51.377317,0.100887,1970.17183173274,2039.3999999999999,2710.9
451,51.419125,0.07225,51.400319,0.108353,1983.5294961731365,2087.8,2554.7
452,51.36318,0.109239,51.373289,0.089119,1992.62128079426,2074.2,2385.5
453,51.422627,0.107933,51.373289,0.089119,1994.212749467427,2303.3,3047.7
454,51.383856,0.117846,51.373289,0.089119,1994.6339329975174,2213,2645.8
455,51.366691,0.082858,51.373289,0.089119,1998.765289022918,2102.9,2257.8
456,51.360806,0.10564,51.373289,0.089119,2001.8932690074528,2152.7,2548.2
457,51.384597,0.103294,51.416012,0.117947,2004.7442195954834,2015.7,2539.6
458,51.383856,0.117846,51.373289,0.089119,2013.4426297496702,2213,2645.8
459,51.377192,0.083283,51.373289,0.089119,2017.069287998372,2104.9,2311.7
460,51.356958,0.138095,51.365711,0.059512,2021.6064691951935,2332.1,3077.7
461,51.392796,0.072216,51.367227,0.104178,2029.696400575549,2245.8,2799.4
462,51.36318,0.109239,51.373289,0.089119,2036.9244414155219,2074.2999999999997,2385.5
463,51.312788,0.031036,51.373289,0.089119,2039.7817300280537,-1.0,-1.0
464,51.391005,0.084979,51.373289,0.089119,2040.3228343466963,2232.7,2743.6
465,51.361349,0.064287,51.373289,0.089119,2045.7009975172596,2198.3,2493.5
466,51.383258,0.08116,51.373289,0.089119,2048.013259869295,2143.5,2477.3
467,51.401226,0.116967,51.373289,0.089119,2058.4925384342773,2418.1,3054.7
468,51.312317,0.035579,51.373289,0.089119,2063.9464971198313,-1.0,-1.0
469,51.385857,0.066954,51.373289,0.089119,2065.257788468442,2127.8,2594.5
470,51.394739,0.075845,51.373289,0.089119,2068.245268354503,2174.6,2644.5
471,51.377192,0.083283,51.373289,0.089119,2068.7353943112903,2104.9,2311.7
472,51.38674,0.0711,51.373289,0.089119,2072.2404135728,2199.1,2594.5
473,51.395508,0.096271,51.373289,0.089119,2072.7393681151675,2112,2634.2
474,51.369569,0.093063,51.373289,0.089119,2082.8447108796736,2126.7,2239.8
475,51.36714,0.120211,51.373289,0.089119,2083.271001733734,2105.3,2466.1
476,51.38495,0.062738,51.373289,0.089119,2083.7547814775344,2429.6,2929.1
477,51.384597,0.103294,51.416012,0.117947,2087.972352550512,2285.1,2809.5
478,51.377192,0.083283,51.373289,0.089119,2091.2116121552654,2104.9,2311.7
479,51.368284,0.082987,51.373289,0.089119,2095.055413993822,2145.4,2363.5
480,51.407665,0.057023,51.373289,0.089119,2100.7927887652227,2260.4,2941.7
481,51.366691,0.082858,51.373289,0.089119,2103.4502508007217,2138.5,2296.4
482,51.359077,0.110302,51.373289,0.089119,2103.715591271927,2326.2,2712.6
483,51.386437,0.065909,51.373289,0.089119,2104.87278763825,2240.1,2688
484,51.385857,0.066954,51.373289,0.089119,2107.716676972547,2253.3,2688
485,51.36318,0.109239,51.373289,0.089119,2110.043971200895,2236.2,2548.2
486,51.379202,0.101517,51.373289,0.089119,2113.178854693584,2215.1,2486.3
487,51.387592,0.114488,51.373289,0.089119,2115.9792584785587,2392.4,2814.6
488,51.386154,0.060555,51.373289,0.089119,2117.8617559256463,2427.2,2929
489,51.311086,0.034008,51.373289,0.089119,2118.3347353767676,-1.0,-1.0
490,51.400292,0.10827,51.41914,0.072061,2119.9841417566545,2554,2962.7
491,51.387265,0.089019,51.373289,0.089119,2127.9024262421417,2195.3,2527.1
492,51.38495,0.062738,51.373289,0.089119,2128.2371993533748,2429.6,2929.1
493,51.377192,0.083283,51.373289,0.089119,2128.9566994359093,2214.3,2426
494,51.306689,0.036265,51.373289,0.089119,2132.5563655473666,-1.0,-1.0
495,51.368284,0.082987,51.373289,0.089119,2135.6291083255214,2177.2,2363.5
496,51.306543,0.046027,51.373289,0.089119,2139.6564987815427,-1.0,-1.0
497,51.409062,0.062033,51.373289,0.089119,2146.730899715682,2303.9,2941.7
498,51.387592,0.114488,51.373289,0.089119,2149.160282349379,2392.4,2814.6
499,51.375015,0.014733,51.373289,0.089119,2153.1559123374086,2513.4,3171.2
500,51.400049,0.059786,51.373289,0.089119,2165.0014067099387,2484.4,3171.6
501,51.382804,0.058775,51.373289,0.089119,2169.1397565560724,2546.4,3179.4
502,51.387592,0.114488,51.373289,0.089119,2170.7491458315267,2392.4,2814.6
503,51.398217,0.058386,51.373092,0.087254,2170.867946046077,2405.9,3049.8
504,51.365635,0.098214,51.373289,0.089119,2177.3552648235855,2300,2580.2
505,51.39042,0.069566,51.373289,0.089119,2183.055625960635,2428.7,2839.1
506,51.36318,0.109239,51.373289,0.089119,2196.8019847933774,2236.2999999999997,2548.2
507,51.30615,0.042296,51.373289,0.089119,2211.9990737309276,-1.0,-1.0
508,51.363608,0.098554,51.373289,0.089119,2214.3701515479725,2336.1,2629.9
509,51.372859,0.1031,51.373289,0.089119,2216.689178842136,2228.4,2382.2
510,51.374059,0.0399,51.373289,0.089119,2220.17953936822,2477.3,2997.8
511,51.36975,0.081367,51.373289,0.089119,2224.1795986779416,2310.8,2490.6
512,51.377957,0.111321,51.373289,0.089119,2231.4207800192526,2309.4,2618.4
513,51.369122,0.063625,51.373289,0.089119,2242.7585812260145,2348.9,2674.1
514,51.383856,0.117846,51.373289,0.089119,2256.9049736684956,2460.8,2968.1
515,51.386154,0.060555,51.373289,0.089119,2257.9413510303943,2427.2,2929
516,51.369122,0.063625,51.373289,0.089119,2260.4354026044166,2348.9,2674.1
517,51.394739,0.075845,51.373289,0.089119,2260.9428405588915,2504.6,2974.5
518,51.353215,0.095823,51.373289,0.089119,2261.9275449687343,2437.7,2851.6
519,51.371822,0.056715,51.373289,0.089119,2265.6771240781027,2303.7,2691.1
520,51.389729,0.092299,51.373289,0.089119,2277.8693165447385,2333.4,2743.6
521,51.361479,0.107549,51.373289,0.089119,2281.7128537981876,2489.9,2816.1
522,51.392592,0.0835,51.373289,0.089119,2291.3944550221618,2400.2,2849.5
523,51.391474,0.048143,51.373289,0.089119,2298.872041560353,2357.7,2930.3
524,51.363782,0.107029,51.373289,0.089119,2304.9943469073,2465.7,2867.5
525,51.366122,0.100181,51.373289,0.089119,2307.8829188872414,2371.3,2580.2
526,51.371216,0.120965,51.373289,0.089119,2318.683289116044,2559.6,2954.1
527,51.353215,0.095823,51.373289,0.089119,2325.406284226216,2437.7,2851.6
528,51.359077,0.110302,51.373289,0.089119,2327.4455326974007,2352.1,2712.6
529,51.306689,0.036265,51.373289,0.089119,2329.5606496656574,-1.0,-1.0
530,51.389729,0.092299,51.373289,0.089119,2332.141387420804,2346.6,2743.6
531,51.383856,0.117846,51.373289,0.089119,2336.5609175915447,2460.8,2968.1
532,51.361479,0.107549,51.373289,0.089119,2348.9373394544045,2489.9,2816.1
533,51.363579,0.098549,51.373289,0.089119,2350.400381934826,2426.3,2629.9
534,51.377739,0.116504,51.373289,0.089119,2351.3791455454048,2579.8,2951.9
535,51.305445,0.020836,51.373289,0.089119,2351.76362426564,-1.0,-1.0
536,51.394739,0.075845,51.373289,0.089119,2360.522556239384,2504.6,2974.5
537,51.392592,0.0835,51.373289,0.089119,2361.585429055498,2400.2,2849.5
538,51.372641,0.097814,51.373289,0.089119,2362.7155334653653,2380.2,2502.3
539,51.396677,0.113421,51.375202,0.099462,2366.370507182551,2556.2,2865.5
540,51.365635,0.098214,51.373289,0.089119,2366.4240617380515,2387.4,2629.9
541,51.372613,0.016006,51.373289,0.089119,2378.446186043744,2559.8,3171.2
542,51.36714,0.120211,51.373289,0.089119,2380.348768300876,2615.3,2976.1
543,51.37258,0.082055,51.376987,0.097059,2387.7360582664137,2413.3,2605.9
544,51.386181,0.070901,51.373289,0.089119,2390.259764186325,2466.2,2867.5
545,51.359077,0.110302,51.373289,0.089119,2390.5633826573558,2519.7,3046.9
546,51.362667,0.083672,51.373289,0.089119,2402.325389342269,2499.4,2758.7
547,51.387417,0.03888,51.373289,0.089119,2410.314717328069,2787.5,3634.3
548,51.406061,0.092701,51.426083,0.102051,2412.78668245045,2585.6,2979.7
549,51.374059,0.0399,51.373289,0.089119,2418.5466080783804,2477.3,2997.8
550,51.39086,0.103895,51.407694,0.073487,2422.439508523896,2648.3,2983.5
551,51.395508,0.096271,51.373289,0.089119,2425.5895609835384,2682,3204.2
552,51.363475,0.098595,51.373289,0.089119,2431.283286459974,2580.9,2785.8
553,51.392942,0.09599,51.362432,0.095065,2443.159913765657,2702.2,3233.1
554,51.382804,0.058775,51.373289,0.089119,2443.388472216989,2546.4,3179.4
555,51.387592,0.114488,51.373289,0.089119,2446.767700722376,2549.8,2968.1
556,51.392991,0.054097,51.373289,0.089119,2453.590655010394,2602.5,3171.6
557,51.377957,0.111321,51.373289,0.089119,2457.932755396789,2486,2894.6
558,51.381592,0.103512,51.373289,0.089119,2458.284852466616,2636.4,2949.8
559,51.358061,0.09107,51.373289,0.089119,2465.9935306213815,2670.9,2950.3
560,51.394784,0.123207,51.373289,0.089119,2467.4921935544503,2928.5,3506.7
561,51.387122,0.078479,51.373289,0.089119,2472.454906395948,2531.5,2912.2
562,51.383683,0.055719,51.373289,0.089119,2473.642815823127,2584.1,3179.4
563,51.372859,0.1031,51.373289,0.089119,2476.818015175228,2529.3,2683
564,51.369122,0.063625,51.373289,0.089119,2484.3427919367955,2626.6,2983.7
565,51.371462,0.068718,51.373289,0.089119,2485.927702782091,2581.9,2853.2
566,51.402296,0.109148,51.373289,0.089119,2486.6048499959393,2660,3219.8
567,51.360806,0.10564,51.373289,0.089119,2487.61778376015,2520.3,2816.1
568,51.36318,0.109239,51.373289,0.089119,2488.0884375548612,2547.3,2867.5
569,51.365635,0.098214,51.373289,0.089119,2489.763247417009,2540.4,2785.8
570,51.378707,0.099396,51.373289,0.089119,2497.934336466353,2634.7,2831.7
571,51.419125,0.07225,51.400319,0.108353,2504.458319396632,2701.2,3167.3
572,51.386154,0.060555,51.373289,0.089119,2505.0521708916026,2679.8,3179.4
573,51.387592,0.114488,51.373289,0.089119,2510.289271671566,2549.8,2968.1
574,51.363602,0.096649,51.373289,0.089119,2510.516699020631,2696.1,2950.2
575,51.306543,0.046027,51.373289,0.089119,2519.0220315375577,-1.0,-1.0
576,51.391474,0.048143,51.373289,0.089119,2521.1353948650094,2793,3494.6
577,51.363602,0.096649,51.373289,0.089119,2522.511505925493,2696.1,2950.2
578,51.408582,0.058203,51.373289,0.089119,2526.268593229235,2975.2,3669.9
579,51.386154,0.060555,51.373289,0.089119,2527.10139135088,2746.6,3444.5
580,51.434171,0.003511,51.373289,0.089119,2532.4656880063853,-1.0,-1.0
581,51.363441,0.110437,51.373289,0.089119,2533.613057475102,2587.1,2867.5
582,51.306689,0.036265,51.373289,0.089119,2541.797048745028,3161.4,4431.1
583,51.400292,0.10827,51.41914,0.072061,2545.033094215605,2554,2962.7
584,51.372859,0.1031,51.373289,0.089119,2545.459711945741,2589.3,2743
585,51.368284,0.082987,51.373289,0.089119,2546.530229109672,2617.2,2796.3
586,51.392836,0.096084,51.373289,0.089119,2546.8597629464666,2790.3,3248.5
587,51.425058,0.106869,51.373289,0.089119,2557.0350969449714,2993.8,4213.4
588,51.359444,0.085241,51.373289,0.089119,2563.711697391193,2756.8999999999996,3044.6
589,51.362651,0.083601,51.373289,0.089119,2566.572154022476,2749.2,3027.6
590,51.385857,0.066954,51.373289,0.089119,2570.144151161485,2727.1,3165.4
591,51.39086,0.103895,51.407694,0.073487,2573.437066769756,2648.3,2983.5
592,51.369122,0.063625,51.373289,0.089119,2577.0091789718767,2626.6,2983.7
593,51.315575,0.034027,51.373289,0.089119,2577.9356742570308,-1.0,-1.0
594,51.384597,0.103294,51.416012,0.117947,2582.2945874160014,2803.6,3325.4
595,51.359077,0.110302,51.373289,0.089119,2584.001341441344,2688.5,3046.9
596,51.406061,0.092701,51.426083,0.102051,2585.2508602935354,2635.2,2979.7
597,51.373184,0.065185,51.375196,0.098807,2589.4604051293427,2669.3,2940.9
598,51.387265,0.089019,51.373289,0.089119,2592.1495998363444,2729.6,3063.3
599,51.362212,0.091756,51.373289,0.089119,2593.950187867206,2630.4,2851.6
600,51.426256,0.109774,51.373289,0.089119,2594.707104914213,3083.8,3869.3
601,51.312317,0.035579,51.373289,0.089119,2598.0308905424686,3013.5,4431.1
602,51.407665,0.057023,51.373289,0.089119,2606.429481302533,3001,3669.9
603,51.381592,0.103512,51.373289,0.089119,2608.5619298158163,2636.4,2949.8
604,51.411778,0.10569,51.406905,0.105448,2615.2724456143033,3128.5,3307.4
605,51.377192,0.083283,51.373289,0.089119,2616.720948516131,2705.8,2912.2
606,51.362212,0.091756,51.373289,0.089119,2620.4277388657633,2648,2851.6
607,51.372546,0.087542,51.373289,0.089119,2621.796374587484,2647.7,2745.3
608,51.369122,0.063625,51.373289,0.089119,2629.0153652927797,2652.9,2983.7
609,51.366691,0.082858,51.373289,0.089119,2629.7588713347604,2651.9,2809.1
610,51.374589,0.107636,51.373289,0.089119,2642.0563725546276,2716.2,2955.3
611,51.393354,0.125955,51.373289,0.089119,2654.2519593527813,3171.5,3773.9
612,51.389729,0.092299,51.373289,0.089119,2654.3393642356514,2858.9,3260.7
613,51.361349,0.064287,51.373289,0.089119,2661.114408677306,2895.1,3219.4
614,51.395508,0.096271,51.373289,0.089119,2666.8370980410828,2682,3204.2
615,51.363602,0.096649,51.373289,0.089119,2668.8199701168323,2696.1,2950.2
616,51.312788,0.031036,51.373289,0.089119,2670.8300520811877,-1.0,-1.0
617,51.359199,0.085731,51.373289,0.089119,2674.7742726634115,2751.2,3044.6
618,51.39686,0.096915,51.41796,0.089729,2680.618335176048,3090.2,3510.4
619,51.389245,0.069895,51.373289,0.089119,2681.950935140694,2732.2,3133
620,51.435428,0.115935,51.373289,0.089119,2682.161679789273,3184.3,4213.4
621,51.389729,0.092299,51.373289,0.089119,2686.9036144887796,2858.9,3260.7
622,51.372859,0.1031,51.373289,0.089119,2694.16091407609,2717,2869
623,51.376235,0.122352,51.373289,0.089119,2698.4906560281006,2986.7,3411.7
624,51.392027,0.111732,51.373289,0.089119,2699.794881037297,2777.3,3171.8
625,51.363579,0.098549,51.373289,0.089119,2700.8809472174376,2801.2,3005.2
626,51.383856,0.117846,51.373289,0.089119,2701.035095124361,2882.2,3568.6
627,51.383683,0.055719,51.373289,0.089119,2701.6891511446715,2846.6,3444.5
628,51.393375,0.071298,51.373289,0.089119,2708.0142885663377,2991.1,3435.6
629,51.374059,0.0399,51.373289,0.089119,2708.570832166379,2867.8,3388.1
630,51.367592,0.072076,51.373289,0.089119,2718.5930952115227,2820.6,3116.1
631,51.354732,0.101482,51.377414,0.100986,2720.992509777119,2984.7999999999997,3493.6
632,51.408169,0.098927,51.373289,0.089119,2722.5906413744306,3152.9,3802.7
633,51.374951,0.014687,51.373289,0.089119,2727.790831785498,3161.7,3798.6
634,51.352513,0.091851,51.373289,0.089119,2728.0616697490805,3008.8,3345.4
635,51.362651,0.083601,51.373289,0.089119,2744.256471710442,2767,3027.6
636,51.363579,0.098549,51.373289,0.089119,2749.3616163833067,2801.2,3005.2
637,51.363602,0.096649,51.373289,0.089119,2751.567851083309,2936.1,3190.2
638,51.356318,0.099467,51.373289,0.089119,2753.3220012113925,3051.5,3504.9
639,51.419125,0.07225,51.400319,0.108353,2779.4680641980067,2964.5,3428
640,51.384008,0.078137,51.373289,0.089119,2782.238148893322,2819.3,3133
641,51.397793,0.09717,51.373289,0.089119,2782.9201531282856,3126.2,3660
642,51.39086,0.103895,51.407694,0.073487,2786.2377065864935,3034.8,3371.8
643,51.408169,0.098927,51.373289,0.089119,2786.9354744739244,3153.0,3802.7
644,51.375015,0.014733,51.373289,0.089119,2805.114475719797,3161.5,3798.6
645,51.366122,0.100181,51.373289,0.089119,2805.9106565724487,2943.2,3151.6
646,51.395508,0.096271,51.373289,0.089119,2810.5560132432997,3148.6,3671.9
647,51.378707,0.099396,51.373289,0.089119,2810.6485447628797,2937.3,3139.9
648,51.363608,0.098554,51.373289,0.089119,2829.4583389100317,2939,3238.4
649,51.408169,0.098927,51.373289,0.089119,2848.7276562775837,3153.1,3802.7
650,51.359444,0.085241,51.373289,0.089119,2849.5758632343864,2960.8,3252.1
651,51.361702,0.097327,51.373289,0.089119,2851.5571673179875,2988.1,3339.3
652,51.392991,0.054097,51.373289,0.089119,2854.6579659029776,2929,3494.6
653,51.359444,0.085241,51.373289,0.089119,2857.3878388471885,2960.8,3252.1
654,51.403993,0.110542,51.373289,0.089119,2868.9151750858664,3259.1,3815.8
655,51.423287,0.062658,51.373289,0.089119,2876.7506213677493,3184.2,4019.8
656,51.362651,0.083601,51.373289,0.089119,2881.7524319934346,2980,3239.3
657,51.332266,0.024189,51.373289,0.089119,2881.985912364087,3414.3,4246.8
658,51.362651,0.083601,51.373289,0.089119,2886.5479610423017,2980,3239.3
659,51.411259,0.054505,51.373289,0.089119,2898.0913082951197,2989.2,3709.1
660,51.361349,0.064287,51.373289,0.089119,2898.6551488070186,2923.1,3219.4
661,51.366122,0.100181,51.373289,0.089119,2908.7866442818663,2943.2,3151.6
662,51.306543,0.046027,51.373289,0.089119,2913.769211255797,-1.0,-1.0
663,51.354747,0.101483,51.377317,0.100887,2920.8858877168577,2984.7,3493.6
664,51.403993,0.110542,51.373289,0.089119,2932.6874306654136,3259.1,3815.8
665,51.38334,0.116198,51.373289,0.089119,2946.326738822421,3058.4,3568.6
666,51.376235,0.122352,51.373289,0.089119,2949.917500023872,2986.7,3411.7
667,51.362882,0.108944,51.367496,0.076858,2953.1421841208175,3076.1,3487.4
668,51.400292,0.10827,51.41914,0.072061,2954.2386231873434,3336.2,3743.1
669,51.384008,0.078137,51.373289,0.089119,2959.000530487989,2970,3283.4
670,51.401988,0.103609,51.381191,0.104231,2962.0709452523065,3345.2,3713
671,51.366122,0.100181,51.373289,0.089119,2977.629149281899,3098.5,3306.3
672,51.406061,0.092701,51.426083,0.102051,2980.0065856285946,3215.6,3561.5
673,51.362608,0.097022,51.373289,0.089119,2982.2097724200944,3033.5,3339.3
674,51.365635,0.098214,51.373289,0.089119,2987.3137210759637,3049.7,3238.4
675,51.411862,0.105866,51.362488,0.095046,2994.4902627723995,3129.7,3969.7
676,51.372546,0.087542,51.373289,0.089119,2995.0688457183865,3021.6,3116.1
677,51.383856,0.117846,51.373289,0.089119,2995.5981018074663,3094.4,3568.6
678,51.38495,0.062738,51.373289,0.089119,3002.9144624549353,3134.2,3634.3
679,51.356318,0.099467,51.373289,0.089119,3004.138252023,3051.5,3504.9
680,51.372859,0.1031,51.373289,0.089119,3007.731781669475,3040.7,3194.1
681,51.359444,0.085241,51.373289,0.089119,3016.9968116715427,3086.9,3374.6
682,51.308226,0.037141,51.373289,0.089119,3023.4579341872663,-1.0,-1.0
683,51.368738,0.055865,51.369416,0.035622,3036.9322092212037,3158,3406.5
684,51.417305,0.115911,51.373289,0.089119,3043.679906143864,3208.3,3869.3
685,51.409062,0.062033,51.373289,0.089119,3044.571713617666,3072.5,3709.1
686,51.392942,0.09599,51.362432,0.095065,3044.7543762979717,3182.2,3713.1
687,51.395508,0.096271,51.373289,0.089119,3047.000256880938,3148.6,3671.9
688,51.362608,0.097022,51.373289,0.089119,3048.570306565582,3083.2,3339.3
689,51.358061,0.09107,51.373289,0.089119,3058.143228142562,3199.8,3481
690,51.379202,0.101517,51.373289,0.089119,3058.5826770629315,3138.7,3405.3
691,51.371216,0.120965,51.373289,0.089119,3059.0692009807726,3249.6,3644.1
692,51.394784,0.123207,51.373289,0.089119,3074.140056110973,3408.5,4152.1
693,51.406061,0.092701,51.426083,0.102051,3084.472430616566,3215.6,3561.5
694,51.38334,0.116198,51.373289,0.089119,3085.4757086691943,3127.4,3568.6
695,51.393442,0.034359,51.373289,0.089119,3088.453243513714,3358.9,4159.6
696,51.419125,0.07225,51.400319,0.108353,3093.908872993132,3407.8,3874.7
697,51.352513,0.091851,51.373289,0.089119,3094.27264300348,3251.6,3588.4
698,51.395508,0.096271,51.373289,0.089119,3097.7053965628293,3148.6,3671.9
699,51.371216,0.120965,51.373289,0.089119,3099.7425031355588,3249.6,3644.1
700,51.384008,0.078137,51.373289,0.089119,3106.5740065188766,3125.6,3435.6
701,51.352513,0.091851,51.373289,0.089119,3112.0377983928884,3251.6,3588.4
702,51.391005,0.084979,51.373289,0.089119,3114.986800685284,3205.7,3612
703,51.362651,0.083601,51.373289,0.089119,3120.6104122575325,3199.4,3473.2
704,51.392592,0.0835,51.373289,0.089119,3128.0892490525057,3287,3760.3
705,51.332266,0.024189,51.373289,0.089119,3136.4041562956904,3414.3,4246.8
706,51.405357,0.089945,51.373289,0.089119,3139.2275192507923,3271.5,3802.7
707,51.377192,0.083283,51.373289,0.089119,3141.9877818249097,3214.9,3421.7
708,51.332266,0.024189,51.373289,0.089119,3142.2424771527526,3414.3,4246.8
709,51.406061,0.092701,51.426083,0.102051,3149.8009573012478,3215.6,3561.5
710,51.361702,0.097327,51.373289,0.089119,3156.2810121261755,3306.2,3609.1
711,51.392592,0.0835,51.373289,0.089119,3162.899671673456,3287,3760.3
712,51.408582,0.058203,51.373289,0.089119,3165.384018470005,3368.5,4019.8
713,51.362608,0.097022,51.373289,0.089119,3168.8066532907333,3297.4,3564.3
714,51.306689,0.036265,51.373289,0.089119,3169.751841804688,3196.7,4431.1
715,51.356318,0.099467,51.373289,0.089119,3175.4815318721626,3404.5,3862.3
716,51.374059,0.0399,51.373289,0.089119,3191.622996672575,3387,3904
717,51.372546,0.087542,51.373289,0.089119,3194.055095996416,3230,3325.1
718,51.391005,0.084979,51.373289,0.089119,3196.2912998101606,3214,3612
719,51.362667,0.083672,51.373289,0.089119,3205.224559927047,3216.2,3473.2
720,51.387122,0.078479,51.373289,0.089119,3208.6678987876535,3242.7,3697.6
721,51.400049,0.059786,51.373289,0.089119,3210.669791827318,3559.4,4383.9
722,51.379926,0.08453,51.373289,0.089119,3213.241767228268,3335.7,3636.6
723,51.384917,0.082606,51.373289,0.089119,3213.330680433509,3352,3697.6
724,51.359444,0.085241,51.373289,0.089119,3213.648052161797,3344.1,3629.9
725,51.38334,0.116198,51.373289,0.089119,3218.899672840481,3356,3796.7
726,51.382804,0.058775,51.373289,0.089119,3219.2923219640434,3647.8,4252.7
727,51.369828,0.089962,51.373289,0.089119,3222.877464086616,3292,3441.6
728,51.311086,0.034008,51.373289,0.089119,3226.1056881376785,3400.7,4431.1
729,51.377208,0.078399,51.373289,0.089119,3234.767575784332,3254.5,3494.6
730,51.362913,0.069291,51.377894,0.101348,3243.320837023282,3401.6,3815.7
731,51.384917,0.082606,51.373289,0.089119,3245.322664252517,3352,3697.6
732,51.363608,0.098554,51.373289,0.089119,3245.637921479831,3316.2,3549.3
733,51.36283,0.069857,51.373915,0.09662,3247.176328412915,3400.4,3709.8
734,51.356318,0.099467,51.373289,0.089119,3250.396424689985,3404.5,3862.3
735,51.371462,0.068718,51.373289,0.089119,3251.435559407019,3408.6,3686.9
736,51.36379,0.095382,51.373289,0.089119,3254.4660752848454,3328,3564.3
737,51.387278,0.089104,51.373289,0.089119,3254.8956203910807,3304,3636.5
738,51.391431,0.048291,51.373289,0.089119,3255.537292206319,3587.4,4159.6
739,51.387122,0.078479,51.373289,0.089119,3256.229958164768,3419.7,3779.5
740,51.38678,0.079373,51.373289,0.089119,3256.402045930742,3286.2,3697.6
741,51.356318,0.099467,51.373289,0.089119,3257.8706192258733,3404.5,3862.3
742,51.359077,0.110302,51.373289,0.089119,3270.9667446277076,3413,3770.2
743,51.383856,0.117846,51.373289,0.089119,3274.209593129502,3387.3,3818.7
744,51.359444,0.085241,51.373289,0.089119,3275.246421682484,3344.1,3629.9
745,51.361349,0.064287,51.373289,0.089119,3279.936334694046,3394.2,3689.2
746,51.390716,0.105521,51.396915,0.106306,3279.9690492249956,3410.7,3678.8
747,51.359077,0.110302,51.373289,0.089119,3283.1010060459075,3413,3770.2
748,51.376235,0.122352,51.373289,0.089119,3290.235230552787,3422.3,3848.5
749,51.392592,0.0835,51.373289,0.089119,3294.3974299732927,3311.5,3760.3
750,51.363608,0.098554,51.373289,0.089119,3304.8187427615094,3343.4,3549.3
751,51.36318,0.109239,51.373289,0.089119,3309.64004447107,3489.7,3800.2
752,51.369122,0.063625,51.373289,0.089119,3313.739801062215,3495.4,3824.9
753,51.374262,0.105042,51.373289,0.089119,3320.0307002674913,3430.1,3669.1
754,51.405966,0.064753,51.373289,0.089119,3323.7243945425103,3554.2,4250.7
755,51.412201,0.046528,51.373289,0.089119,3325.094797123333,3856.7,4657.4
756,51.377957,0.111321,51.373289,0.089119,3329.0451463907993,3395.8,3701.4
757,51.415646,0.053651,51.373289,0.089119,3338.9735763549315,3919,4931.6
758,51.363608,0.098554,51.373289,0.089119,3339.0361275543023,3396,3599
759,51.381592,0.103512,51.373289,0.089119,3339.181936025171,3466.4,3769
760,51.358061,0.09107,51.373289,0.089119,3346.815641730249,3439.8,3721
761,51.372859,0.1031,51.373289,0.089119,3353.290635748477,3370.7,3524.1
762,51.363441,0.110437,51.373289,0.089119,3355.8191908844146,3453.4,3729
763,51.435428,0.115935,51.373289,0.089119,3359.1024501883667,3866.9,4843.1
764,51.361479,0.107549,51.373289,0.089119,3361.0007980319465,3570.6,3895.1
765,51.395508,0.096271,51.373289,0.089119,3378.162029172998,3669.7,4192.7
766,51.359444,0.085241,51.373289,0.089119,3386.640134931158,3523.3,3835.4
767,51.372859,0.1031,51.373289,0.089119,3393.204924379235,3421.7,3576.1
768,51.30615,0.042296,51.373289,0.089119,3421.2583210988932,3852.3,4967
769,51.365635,0.098214,51.373289,0.089119,3430.6750526009287,3530,3718.7
770,51.371462,0.068718,51.373289,0.089119,3440.160715715801,3452.9,3735.5
771,51.405966,0.064753,51.373289,0.089119,3441.2912280961286,3554.2,4250.7
772,51.353215,0.095823,51.373289,0.089119,3445.2988328815313,3636.7,4009.4
773,51.354732,0.101482,51.377414,0.100986,3452.2734373249273,3701.4,4212.3
774,51.363707,0.06882,51.373289,0.089119,3463.049473470142,3719.1,4133.2
775,51.421544,0.060143,51.382413,0.045041,3466.3863618924506,3734.9,4279.9
776,51.417305,0.115911,51.373289,0.089119,3471.87689443087,3550.9,4213.4
777,51.384008,0.078137,51.373289,0.089119,3474.2524738772468,3482,3794.1
778,51.397793,0.09717,51.373289,0.089119,3474.886630160861,3591.6,4192.7
779,51.353438,0.095622,51.373289,0.089119,3477.139150597576,3632.2,4009.4
780,51.384917,0.082606,51.373289,0.089119,3487.2221037716517,3629.5,3969.3
781,51.421226,0.067638,51.373289,0.089119,3493.461282290102,3943,4595.9
782,51.36714,0.120211,51.373289,0.089119,3504.5654421198296,3664.6,4016.8
783,51.397737,0.051201,51.373289,0.089119,3512.3486260094287,3727.6,4383.9
784,51.394739,0.075845,51.373289,0.089119,3519.614227375044,3704.5,4204.4
785,51.38334,0.116198,51.373289,0.089119,3522.2458967628154,3797.3,4240.8
786,51.37176,0.056793,51.373289,0.089119,3527.101506360479,3666.5,4099.2
787,51.37795,0.077552,51.376739,0.09954,3530.3526240454416,3594.1,3861.2
788,51.36379,0.095382,51.373289,0.089119,3533.020388056179,3647.8,3882.6
789,51.374059,0.0399,51.373289,0.089119,3534.4509220058108,3548.1,4073.4
790,51.353215,0.095823,51.373289,0.089119,3538.234202351375,3636.7,4009.4
791,51.421269,0.067668,51.373289,0.089119,3543.5238682340214,3943.6,4595.9
792,51.38279,0.058729,51.365276,0.064394,3544.817289203226,3818.7,4378.5
793,51.384008,0.078137,51.373289,0.089119,3545.761686427779,3596.6,3915
794,51.384917,0.082606,51.373289,0.089119,3548.927128304824,3629.5,3969.3
795,51.386154,0.060555,51.373289,0.089119,3562.9623187405164,3753.9,4252.7
796,51.378707,0.099396,51.373289,0.089119,3563.394053491111,3689,3890.7
797,51.362212,0.091756,51.373289,0.089119,3563.453067951918,3631.4,3835.4
798,51.425058,0.106869,51.373289,0.089119,3564.3993567527996,3680.5,4843.1
799,51.368284,0.082987,51.373289,0.089119,3571.130333445583,3652.1,3837.3
800,51.377192,0.083283,51.373289,0.089119,3575.432157608518,3686,3896.8
801,51.394784,0.123207,51.373289,0.089119,3577.2208790104096,3971.9,4572.5
802,51.384008,0.078137,51.373289,0.089119,3587.1718057117573,3604.2,3915
803,51.386313,0.045252,51.373289,0.089119,3588.0983556559618,4003.7,4736
804,51.383856,0.117846,51.373289,0.089119,3602.602463085412,3721.9,4152.1
805,51.359199,0.085731,51.373289,0.089119,3610.7009664156412,3771.2,4064.6
806,51.383163,0.081111,51.373289,0.089119,3619.3991419351933,3630,3959.4
807,51.354732,0.101482,51.377414,0.100986,3622.083629153696,3701.4,4212.3
808,51.389245,0.069895,51.373289,0.089119,3629.18197759937,3765.6,4159.6
809,51.36352,0.098566,51.373289,0.089119,3632.970764038075,3691.0,3895.1
810,51.389245,0.069895,51.373289,0.089119,3635.6961574761085,3765.6,4159.6
811,51.374951,0.014687,51.373289,0.089119,3638.6034716131235,4076.5,4733
812,51.38334,0.116198,51.373289,0.089119,3640.305473589546,3797.3,4240.8
813,51.400292,0.10827,51.41914,0.072061,3650.60057270636,3874,4282.7
814,51.359444,0.085241,51.373289,0.089119,3654.103515735414,3776.8999999999996,4064.6
815,51.363475,0.098595,51.373289,0.089119,3669.8542440684646,3690.2,3895.1
816,51.405357,0.089945,51.373289,0.089119,3672.9535734080546,3925.8,4700.1
817,51.37795,0.077552,51.376739,0.09954,3674.2497682876224,3714.5,3981.4
818,51.363707,0.06882,51.373289,0.089119,3681.338592587284,3719.1,4133.2
819,51.36352,0.098566,51.373289,0.089119,3683.558235811873,3691.0,3895.1
820,51.371822,0.056715,51.373289,0.089119,3688.990728587009,3709,4099.2
821,51.391005,0.084979,51.373289,0.089119,3690.0775012292665,3865.7,4267.4
822,51.374059,0.0399,51.373289,0.089119,3693.7915610819277,4058.9,4583.7
823,51.306543,0.046027,51.373289,0.089119,3694.431193725306,3788,4967
824,51.423588,0.109037,51.373289,0.089119,3713.53196314554,4122.8,4843.1
825,51.362651,0.083601,51.373289,0.089119,3716.3305113318324,3827.6,4083.4
826,51.393354,0.125955,51.373289,0.089119,3719.5575243336893,4011,4758.8
827,51.363579,0.098549,51.373289,0.089119,3733.1166658386333,3828.3,4033
828,51.35808,0.090973,51.373289,0.089119,3734.2811392181284,3913.5,4190.8
829,51.387122,0.078479,51.373289,0.089119,3768.755709977893,3844.6,4204.4
830,51.375793,0.107093,51.373289,0.089119,3769.893304356345,3875.2,4173.8
831,51.39086,0.103895,51.407694,0.073487,3775.7843865599157,3972.4,4306
832,51.36318,0.109239,51.373289,0.089119,3777.2604382058935,3939.7,4302.1
833,51.409062,0.062033,51.373289,0.089119,3779.607726288718,4018.5,4657.4
834,51.354854,0.101794,51.373289,0.089119,3790.5555439035975,4041,4453.3
835,51.411709,0.113374,51.373289,0.089119,3798.0811900820213,4219.1,4898.6
836,51.398356,0.06212,51.373289,0.089119,3807.4694663622463,4258.3,4964.1
837,51.353438,0.095622,51.373289,0.089119,3811.021774417209,3992.6,4363.3
838,51.366691,0.082858,51.373289,0.089119,3817.288438449102,3848.5,4047
839,51.408582,0.058203,51.373289,0.089119,3817.7453461552636,3995,4657.4
840,51.386778,0.07701,51.373289,0.089119,3818.237250630856,3862.7,4204.4
841,51.394739,0.075845,51.373289,0.089119,3820.1261289878657,4056.2,4583.4
842,51.392991,0.054097,51.373289,0.089119,3830.8215009550477,3842.1,4383.9
843,51.366691,0.082858,51.373289,0.089119,3846.5186589037257,3891.2,4047
844,51.397793,0.09717,51.373289,0.089119,3854.2603940252993,4116.2,4682.2
845,51.383856,0.117846,51.373289,0.089119,3864.6570810589446,4050.8,4481.4
846,51.393354,0.125955,51.373289,0.089119,3868.6873331338206,4011,4758.8
847,51.386181,0.070901,51.373289,0.089119,3868.7184257393174,3997.4,4398.3
848,51.36318,0.109239,51.373289,0.089119,3869.516758384766,3939.7999999999997,4302.1
849,51.308226,0.037141,51.373289,0.089119,3873.977731050607,4181.8,5330.2
850,51.363782,0.107029,51.373289,0.089119,3875.3330342182076,3978.1,4302.1
851,51.422627,0.107933,51.373289,0.089119,3881.1039462742756,4098.7,4843.1
852,51.397793,0.09717,51.373289,0.089119,3882.7908905507575,4116.2,4682.2
853,51.363602,0.096649,51.373289,0.089119,3883.5746565466143,3963.2,4219.2
854,51.409062,0.062033,51.373289,0.089119,3883.8099677039036,4018.5,4657.4
855,51.308226,0.037141,51.373289,0.089119,3894.9037111072043,4181.8,5330.2
856,51.371552,0.121628,51.376815,0.099875,3907.656081068888,4049.2,4401.1
857,51.38334,0.116198,51.373289,0.089119,3908.1922148453245,4076.5,4516.7
858,51.425058,0.106869,51.373289,0.089119,3914.594024614475,4460,-1.0
859,51.408169,0.098927,51.373289,0.089119,3916.192103747152,4040.6,4700.1
860,51.392592,0.0835,51.373289,0.089119,3922.4293389192026,4097,4543.4
861,51.372546,0.087542,51.373289,0.089119,3929.283708785313,3937.7,4035.3
862,51.36352,0.098566,51.373289,0.089119,3939.0063125392276,3987.5,4191.6
863,51.38533,0.071763,51.366476,0.066757,3953.6128618606995,4049.2,4385.8
864,51.405966,0.064753,51.373289,0.089119,3954.2567276133673,4348.2,5048.5
865,51.372613,0.016006,51.373289,0.089119,3954.3765908008722,4122.4,4733
866,51.374059,0.0399,51.373289,0.089119,3957.728506910398,4058.9,4583.7
867,51.363441,0.110437,51.373289,0.089119,3963.8712344909673,4053,4327.4
868,51.361349,0.064287,51.373289,0.089119,3972.208721964968,4112.3,4407.7
869,51.38334,0.116198,51.373289,0.089119,3973.2692777759166,4076.5,4516.7
870,51.36714,0.120211,51.373289,0.089119,3973.7560652509133,4085.3,4446.1
871,51.394819,0.121873,51.373289,0.089119,3977.06087989398,4017.7,4572.5
872,51.394819,0.121873,51.373289,0.089119,3983.0564248144765,4017.7,4572.5
873,51.36975,0.081367,51.373289,0.089119,3984.9948455384106,4050,4229.8
874,51.387265,0.089019,51.373289,0.089119,4001.8583817929753,4053.5,4386.1
875,51.382804,0.058775,51.373289,0.089119,4004.3330509419707,4413.3,4982.1
876,51.361349,0.064287,51.373289,0.089119,4007.969966608698,4112.3,4407.7
877,51.354732,0.101482,51.377414,0.100986,4008.3441176502515,4044.7,4713.7
878,51.406061,0.092701,51.426083,0.102051,4012.7579422602826,4235.6,4581.5
879,51.36975,0.081367,51.373289,0.089119,4018.441679244848,4050,4229.8
880,51.371462,0.068718,51.373289,0.089119,4021.734599405098,4052.9,4335.5
881,51.383683,0.055719,51.373289,0.089119,4026.4840390491067,4411.6,5025.3
882,51.312317,0.035579,51.373289,0.089119,4027.9714934795015,4275.5,5330.2
883,51.371216,0.120965,51.373289,0.089119,4030.992712645629,4058.1,4585.8
884,51.375015,0.014733,51.373289,0.089119,4033.8943789634254,4076.3,4733
885,51.387265,0.089019,51.373289,0.089119,4034.3910436822125,4053.5,4386.1
886,51.410224,0.107669,51.407785,0.07365,4036.2582078805985,4338.6,4723.7
887,51.362651,0.083601,51.373289,0.089119,4036.8552295956015,4139.4,4397.5
888,51.405357,0.089945,51.373289,0.089119,4038.696573824472,4165.5,4700.1
889,51.306543,0.046027,51.373289,0.089119,4054.5947995995225,4418.5,-1.0
890,51.362608,0.097022,51.373289,0.089119,4057.2491297419388,4151.3,4407.5
891,51.423164,0.061406,51.407703,0.073603,4057.294421835692,4176.6,4359.2
892,51.383175,0.080856,51.373289,0.089119,4058.073445409048,4188.3,4518.1
893,51.366122,0.100181,51.373289,0.089119,4059.3889984459415,4096.2,4302.1
894,51.401226,0.116967,51.373289,0.089119,4059.8363366902413,4346.2,4916.1
895,51.377192,0.083283,51.373289,0.089119,4060.70448589781,4182.7,4395
896,51.391431,0.048291,51.373289,0.089119,4068.4210857534217,4166.4,4736
897,51.393375,0.071298,51.373289,0.089119,4072.684471039723,4142.5,4583.4
898,51.312317,0.035579,51.373289,0.089119,4072.7673672338988,4275.5,5330.2
899,51.401226,0.116967,51.373289,0.089119,4075.804904411033,4346.2,4916.1
900,51.36318,0.109239,51.373289,0.089119,4076.558625201924,4187.7,4498.3
901,51.372613,0.016006,51.373289,0.089119,4080.351430903932,4122.4,4733
902,51.397793,0.09717,51.373289,0.089119,4082.462639820208,4116.2,4682.2
903,51.312317,0.035579,51.373289,0.089119,4084.718724091679,4391.7,-1.0
904,51.377739,0.116504,51.373289,0.089119,4086.329245546315,4239.3,4610.1
905,51.374951,0.014687,51.373289,0.089119,4087.5570902537775,4409.2,5103
906,51.377957,0.111321,51.373289,0.089119,4099.315825250506,4176.8,4481.8
907,51.393442,0.034359,51.373289,0.089119,4107.672152301838,4394.1,5093.9
908,51.425789,0.098969,51.373289,0.089119,4114.014494077546,4634.3,-1.0
909,51.360806,0.10564,51.373289,0.089119,4119.037778539766,4162.1,4458.1
910,51.374589,0.107636,51.373289,0.089119,4124.330847820176,4186.2,4425.3
911,51.362913,0.069291,51.377894,0.101348,4125.1675679817945,4322.8,4695.7
912,51.384008,0.078137,51.373289,0.089119,4133.909207579758,4243.5,4549.9
913,51.393354,0.125955,51.373289,0.089119,4138.452145256069,4476.8,5083.1
914,51.393354,0.125955,51.373289,0.089119,4138.599602506265,4476.8,5083.1
915,51.332266,0.024189,51.373289,0.089119,4146.772990981776,4436,5267.2
916,51.392692,0.076061,51.373289,0.089119,4158.610770210268,4322.8,4787.9
917,51.400292,0.10827,51.41914,0.072061,4159.377020726864,4463.3,4864.7
918,51.394784,0.123207,51.373289,0.089119,4160.608476963829,4587.1,5173.7
919,51.393354,0.125955,51.373289,0.089119,4162.654774491235,4476.8,5083.1
920,51.383856,0.117846,51.373289,0.089119,4171.853372489797,4333.3,4758.8
921,51.359444,0.085241,51.373289,0.089119,4173.715507876703,4350,4640.9
922,51.312317,0.035579,51.373289,0.089119,4176.562089319611,4391.7,-1.0
923,51.397662,0.122674,51.418611,0.089081,4180.862771796138,4634.4,5307
924,51.38334,0.116198,51.373289,0.089119,4186.970340749391,4293.2,4758.8
925,51.377192,0.083283,51.373289,0.089119,4188.943454000935,4224.3,4436
926,51.406061,0.092701,51.426083,0.102051,4189.993976368755,4235.6,4581.5
927,51.405966,0.064753,51.373289,0.089119,4195.792791008939,4348.2,5048.5
