62,51.362913,0.069291,51.377894,0.101348,614.2626295811409,801.1,1169.5
63,51.306543,0.046027,51.373289,0.089119,620.1816546976296,997.8,2391.8
64,51.36714,0.120211,51.373289,0.089119,623.5838390560299,815.3,1176.1
65,51.395508,0.096271,51.373289,0.089119,625.2984843224102,972,1494.2
66,51.363602,0.096649,51.373289,0.089119,629.9592142104507,813.2,1069.2
67,51.377192,0.083283,51.373289,0.089119,630.090343980045,742.8,961.6
68,51.374589,0.107636,51.373289,0.089119,634.4573652919437,840.6,1079
69,51.38334,0.116198,51.373289,0.089119,646.2968730299245,1046.9,1486.8
70,51.371552,0.121628,51.376815,0.099875,654.9114167647584,1022.6,1412.5
71,51.379926,0.08453,51.373289,0.089119,663.5167418619774,842,1144.8
72,51.392027,0.111732,51.373289,0.089119,665.2579801212714,957.3,1356.1
73,51.391431,0.048291,51.373289,0.089119,689.0335675162703,990.2,1696.8
74,51.352513,0.091851,51.373289,0.089119,699.0104073028797,1011.8,1452.2
75,51.366691,0.082858,51.373289,0.089119,708.1380162864083,818.5,976.4
76,51.369828,0.089962,51.373289,0.089119,708.4359293030775,842.5,988.1
77,51.359077,0.110302,51.373289,0.089119,726.2934714258508,862.9,1307
78,51.383258,0.08116,51.373289,0.089119,728.115430351691,837.9,1172.1
79,51.377192,0.083283,51.373289,0.089119,728.4852428159489,754.8,961.6
80,51.406868,0.076718,51.373289,0.089119,738.4264543280862,872.1,1447.6
81,51.363602,0.096649,51.373289,0.089119,745.0510707890975,813.2,1069.2
82,51.394784,0.123207,51.373289,0.089119,745.0854165406082,1210.4,1940.7
83,51.376122,0.017745,51.373289,0.089119,767.9344255155662,1096.7,1766.7
84,51.377739,0.116504,51.373289,0.089119,776.5764836498386,1100.1,1479.4
85,51.365635,0.098214,51.373289,0.089119,787.8544338585805,980,1225.8
86,51.393375,0.071298,51.373289,0.089119,824.6932902715579,1251.1,1803
87,51.308226,0.037141,51.373289,0.089119,833.160486450354,1104.8,2391.8
88,51.36318,0.109239,51.373289,0.089119,835.3978156138904,995.4,1307
89,51.387122,0.078479,51.373289,0.089119,853.6346047659605,995.4,1359.1
90,51.395533,0.12514,51.386682,0.0346,861.6860969106986,1418.8,2703.9
91,51.36379,0.095382,51.373289,0.089119,870.7941030541336,1069.9,1308.1
92,51.392836,0.096084,51.373289,0.089119,871.847612602145,1295.4,1785.7
93,51.418293,0.128845,51.373289,0.089119,895.1312760763471,1397.2,2177.9
94,51.391749,0.102255,51.375743,0.100441,897.3533234973133,1048.8,1393
95,51.362651,0.083601,51.373289,0.089119,921.0680020792669,1129.4,1384.4
96,51.408169,0.098927,51.373289,0.089119,928.1291229285157,1412.9,2169.9
97,51.38334,0.116198,51.373289,0.089119,941.778138497111,1046.9,1486.8
98,51.353438,0.095622,51.373289,0.089119,960.8441979115424,1080.5,1452.2
99,51.422627,0.107933,51.373289,0.089119,963.7101975212278,1221.5,2177.9
100,51.363608,0.098554,51.373289,0.089119,979.3695368282761,1022.8,1225.8
101,51.429169,0.105327,51.373289,0.089119,986.7533992637517,1096.1,2177.9
102,51.372613,0.016006,51.373289,0.089119,1012.3244185645495,1157.9,1766.7
103,51.383163,0.081111,51.373289,0.089119,1037.1015418698394,1229.9,1586.6
104,51.386181,0.070901,51.373289,0.089119,1043.3714686002731,1295.1,1696.8
105,51.383683,0.055719,51.373289,0.089119,1054.3236409504282,1591.5,2520.2
106,51.363602,0.096649,51.373289,0.089119,1136.5481505356186,1263.8,1676.7
107,51.386437,0.065909,51.373289,0.089119,1139.5755235017255,1220.6,1696.8
108,51.371741,0.042793,51.373289,0.089119,1140.2926929617342,1323.4,2340.4
109,51.356318,0.099467,51.373289,0.089119,1151.0012079130722,1459.6,1913.9
110,51.362882,0.108944,51.367496,0.076858,1171.5880362784928,1434.4,1840.7
111,51.31391,0.026202,51.386957,0.035708,1172.8068038590013,1380.2,3023.2
112,51.383856,0.117846,51.373289,0.089119,1184.4644884505385,1409.7,1976.8
113,51.423164,0.061406,51.407703,0.073603,1189.5587752499553,1431.7,1624.7
114,51.376235,0.122352,51.373289,0.089119,1190.7074628226928,1577.5,2263.1
115,51.409062,0.062033,51.373289,0.089119,1220.9494138358807,1737.6,2651.8
116,51.394739,0.075845,51.373289,0.089119,1245.2686677704087,1331.8,1803
117,51.359077,0.110302,51.373289,0.089119,1260.7052740560744,1297.5,1913.9
118,51.377192,0.083283,51.373289,0.089119,1274.4718696055654,1375.5,1586.6
119,51.389245,0.069895,51.373289,0.089119,1280.1837335902571,1467.2,1934.1
120,51.312317,0.035579,51.373289,0.089119,1285.9067894424309,-1.0,-1.0
121,51.379202,0.101517,51.373289,0.089119,1296.673312738873,1334.7,1601
122,51.423164,0.061406,51.407703,0.073603,1299.1354096781354,1431.7,1624.7
123,51.398217,0.058386,51.373092,0.087254,1303.3515413056055,1722.8,2617.3
124,51.363707,0.06882,51.373289,0.089119,1304.0719386293122,1522,2242.6
125,51.35808,0.090973,51.373289,0.089119,1317.2091080660903,1459.9,1940.9
126,51.362667,0.083672,51.373289,0.089119,1322.5776471588474,1550.6,1804.7
127,51.361349,0.064287,51.373289,0.089119,1326.1272051441806,1600.6,2064.2
128,51.372613,0.016006,51.373289,0.089119,1345.8608294500493,1651.3,2340.4
129,51.363602,0.096649,51.373289,0.089119,1348.9553780605363,1421.4,1676.7
130,51.363579,0.098549,51.373289,0.089119,1369.3565461792648,1559.7,1764.4
131,51.375015,0.014733,51.373289,0.089119,1374.887334871927,1705.3,2340.4
132,51.359077,0.110302,51.373289,0.089119,1394.9088485776379,1694.9,2191.3
133,51.394784,0.123207,51.373289,0.089119,1396.7379551622992,1482.7,2062.6
134,51.377739,0.116504,51.373289,0.089119,1398.5992144298546,1587.8,1976.8
135,51.390368,0.069627,51.373289,0.089119,1399.6296983177872,1517.7,1934.1
136,51.384008,0.078137,51.373289,0.089119,1415.4377432633387,1495.8,1803
137,51.402296,0.109148,51.373289,0.089119,1419.618212822622,1610.2,2169.9
138,51.386313,0.045252,51.373289,0.089119,1428.1854110435186,1975.1,2742.7
139,51.366691,0.082858,51.373289,0.089119,1437.9284001524384,1535.8,1690.2
140,51.36352,0.098566,51.373289,0.089119,1440.4926155599817,1560.3,1764.4
141,51.426309,0.090386,51.373289,0.089119,1442.093820609127,1939.6,2964
142,51.36975,0.081367,51.373289,0.089119,1445.5512274295593,1621.6,1801.4
143,51.363608,0.098554,51.373289,0.089119,1464.2534956185161,1559.3,1764.4
144,51.361702,0.097327,51.373289,0.089119,1489.7244588556503,1713,2121.7
145,51.38334,0.116198,51.373289,0.089119,1490.961600366354,1740.5,2263.1
146,51.362667,0.083672,51.373289,0.089119,1494.4189847520538,1550.6,1804.7
147,51.422627,0.107933,51.373289,0.089119,1495.5583550454214,2075.4,2964
148,51.359199,0.085731,51.373289,0.089119,1501.1282829797385,1596.8,1940.9
149,51.387278,0.089104,51.373289,0.089119,1504.3695103798023,1857.2,2195.8
150,51.374589,0.107636,51.373289,0.089119,1513.8841272243963,1737.7,1976.8
151,51.375015,0.014733,51.373289,0.089119,1513.9774929400078,1705.3,2340.4
152,51.39686,0.096915,51.41796,0.089729,1515.3284044355837,1985.7,2729.5
153,51.392798,0.032048,51.369474,0.035665,1516.6629959341028,2075,2599.4
154,51.372613,0.016006,51.373289,0.089119,1518.2248735336575,1943.4,2983.8
155,51.372465,0.078545,51.375813,0.100675,1521.8834882894512,1647.1,1860.7
156,51.363602,0.096649,51.373289,0.089119,1526.7643254237596,1715.9,1971.4
157,51.435428,0.115935,51.373289,0.089119,1527.5185598691173,-1.0,-1.0
158,51.381592,0.103512,51.373289,0.089119,1541.8198865638424,1638.5,1940.7
159,51.426256,0.109774,51.373289,0.089119,1551.4902219661342,2150.8,2964
160,51.375793,0.107093,51.373289,0.089119,1565.0012478956162,1778.1,2076.3
161,51.377957,0.111321,51.373289,0.089119,1575.63536593094,1654.5,1976.8
162,51.395508,0.096271,51.373289,0.089119,1586.6088109525829,1961,2957.4
163,51.359444,0.085241,51.373289,0.089119,1611.4941630798855,1650.1,1940.9
164,51.369122,0.063625,51.373289,0.089119,1620.4415092475647,1757.2,2242.6
165,51.306543,0.046027,51.373289,0.089119,1650.1860010497287,-1.0,-1.0
166,51.361349,0.064287,51.373289,0.089119,1656.412726545732,1767.2,2064.2
167,51.362212,0.091756,51.373289,0.089119,1666.9557880991815,1735.2,1940.4
168,51.332266,0.024189,51.373289,0.089119,1683.7570964243723,-1.0,-1.0
169,51.393442,0.034359,51.373289,0.089119,1706.2868227349582,2094.1,3122.1
170,51.406061,0.092701,51.426083,0.102051,1707.648808720991,2135.6,2481.5
171,51.393354,0.125955,51.373289,0.089119,1723.9809019460643,2181.5,2834.3
172,51.356318,0.099467,51.373289,0.089119,1726.1219950429318,2119.7,2602.9
173,51.419111,0.075381,51.373289,0.089119,1732.233063852181,1958.7,2651.8
174,51.312788,0.031036,51.373289,0.089119,1739.4338388489798,-1.0,-1.0
175,51.387592,0.114488,51.373289,0.089119,1740.706704783273,1841.4,2263.1
176,51.306543,0.046027,51.373289,0.089119,1750.9106718456644,-1.0,-1.0
177,51.359077,0.110302,51.373289,0.089119,1755.690672482558,1835.1,2191.3
178,51.419111,0.075381,51.373289,0.089119,1756.9563486952309,1958.7,2651.8
179,51.384917,0.082606,51.373289,0.089119,1763.0367337208882,2129.7,2469.3
180,51.36714,0.120211,51.373289,0.089119,1777.2922096679802,2063.1,2414.3
181,51.392836,0.096084,51.373289,0.089119,1781.379369022267,2190.3,2751.5
182,51.365175,0.038369,51.36752,0.076758,1784.3229729950524,2329.5,2762.1
183,51.38279,0.058729,51.365276,0.064394,1793.1887067751022,2334.4,2897.3
184,51.389065,0.076755,51.407709,0.073591,1796.588819050367,2186.8,2510.4
185,51.312788,0.031036,51.373289,0.089119,1798.439040267935,-1.0,-1.0
186,51.369122,0.063625,51.373289,0.089119,1801.5124707307148,1914.8,2242.6
187,51.37176,0.056793,51.373289,0.089119,1803.4933112292197,2148.6,2747.4
188,51.38525,0.059724,51.367386,0.104318,1805.7689613901434,2345.2,3291.5
189,51.340601,0.110805,51.373289,0.089119,1806.8844592723337,2279.9,2955
190,51.376235,0.122352,51.373289,0.089119,1811.6556810489583,2237.5,2661.8
191,51.387417,0.03888,51.373289,0.089119,1819.1788955504492,1951.8,3122.1
192,51.394739,0.075845,51.373289,0.089119,1849.3632593333832,2018.3,2520.2
193,51.387278,0.089104,51.373289,0.089119,1853.1606630204394,1862.5,2195.8
194,51.362212,0.091756,51.373289,0.089119,1854.4149696897625,1916.9,2121.7
195,51.371216,0.120965,51.373289,0.089119,1863.8250452757154,2286.7,2784.4
196,51.386313,0.045252,51.373289,0.089119,1872.1773792002423,1975.1,2742.7
197,51.401677,0.108956,51.373289,0.089119,1873.4484732173055,2236.6,2957.4
198,51.383683,0.055719,51.373289,0.089119,1887.342803059467,2421.5,3043.3
199,51.391431,0.048291,51.373289,0.089119,1894.172983998423,2134.3,2742.7
200,51.421226,0.067638,51.373289,0.089119,1905.3497054899497,2355.2,3431.9
201,51.423164,0.061406,51.407703,0.073603,1913.443504267379,-1.0,-1.0
202,51.353438,0.095622,51.373289,0.089119,1917.2382126477069,2205,2602.9
203,51.356318,0.099467,51.373289,0.089119,1921.339191077629,2119.7,2602.9
204,51.409062,0.062033,51.373289,0.089119,1926.8732632462618,2506.8,3431.9
205,51.35808,0.090973,51.373289,0.089119,1935.9757335740264,2209.9,2491.2
206,51.387122,0.078479,51.373289,0.089119,1952.7191027246045,2160.5,2520.2
207,51.392027,0.111732,51.373289,0.089119,1966.5678393643577,2404.2,2834.3
208,51.387278,0.089104,51.373289,0.089119,1976.3311708123244,2217.2,2555.8
209,51.38334,0.116198,51.373289,0.089119,1988.1385852249468,2366.9,2934.9
210,51.374059,0.0399,51.373289,0.089119,2000.2691357428362,2458.2,2983.8
211,51.358061,0.09107,51.373289,0.089119,2000.3409781089968,2210.0,2491.2
212,51.405357,0.089945,51.373289,0.089119,2003.468059867338,2485.8,3261.8
213,51.308226,0.037141,51.373289,0.089119,2007.0190952621258,-1.0,-1.0
214,51.401226,0.116967,51.373289,0.089119,2008.4647200540117,2482.7,3282.2
215,51.36318,0.109239,51.373289,0.089119,2011.0512813333894,2341.6,2673.7
216,51.359077,0.110302,51.373289,0.089119,2025.1307407666839,2327.5,2685.5
217,51.379202,0.101517,51.373289,0.089119,2046.628701264927,2279.7,2547.2
218,51.372613,0.016006,51.373289,0.089119,2049.5954679747824,2186.7,2983.8
219,51.394432,0.098349,51.369452,0.035717,2062.3830037342454,2239.9,3258.6
220,51.363608,0.098554,51.373289,0.089119,2064.7304762817107,2347.8,2550.9
221,51.371462,0.068718,51.373289,0.089119,2078.211280839592,2489.5,2761.7
222,51.384917,0.082606,51.373289,0.089119,2086.378710552316,2129.7,2469.3
223,51.369122,0.063625,51.373289,0.089119,2088.6783151408904,2419.3,2747.4
224,51.386181,0.070901,51.373289,0.089119,2102.345658937478,2497.4,3094.5
225,51.422627,0.107933,51.373289,0.089119,2115.8102777580693,2225.2,2964
226,51.397793,0.09717,51.373289,0.089119,2124.612042012697,2422.3,2957.4
227,51.372859,0.1031,51.373289,0.089119,2138.705475842527,2261,2414.3
228,51.401988,0.103609,51.381191,0.104231,2147.0012007049,2715.8,3083.5
229,51.386313,0.045252,51.373289,0.089119,2149.0994338263677,2297.1,3122.1
230,51.305445,0.020836,51.373289,0.089119,2151.0273044095256,-1.0,-1.0
231,51.421269,0.067668,51.373289,0.089119,2155.923485773424,2355.7999999999997,3431.9
232,51.352513,0.091851,51.373289,0.089119,2163.6917116880204,2267.3,2602.9
233,51.371741,0.042793,51.373289,0.089119,2166.5072703504875,2636.5,3093.2
234,51.379202,0.101517,51.373289,0.089119,2166.5286905799057,2279.7,2547.2
235,51.369569,0.093063,51.373289,0.089119,2180.4070019279293,2282.1,2394.4
236,51.387278,0.089104,51.373289,0.089119,2198.2930868216067,2222.5,2555.8
237,51.398217,0.058386,51.373092,0.087254,2202.369522171314,2765.5,3349.8
238,51.352513,0.091851,51.373289,0.089119,2206.277294765711,2518.6,2955
239,51.340601,0.110805,51.373289,0.089119,2208.1848214062425,2279.9,2955
240,51.371822,0.056715,51.373289,0.089119,2217.9686481256194,2274.8,2747.4
241,51.392836,0.096084,51.373289,0.089119,2225.347474020652,2298.5,2751.5
242,51.392991,0.054097,51.373289,0.089119,2252.5695561090442,2783.5,3385.8
243,51.362608,0.097022,51.373289,0.089119,2262.7538791359602,2547.9,2840.4
244,51.369569,0.093063,51.373289,0.089119,2265.3907919396297,2282.1,2394.4
245,51.306952,0.023171,51.373289,0.089119,2267.199836845699,-1.0,-1.0
246,51.360929,0.075853,51.369346,0.035762,2270.3014612578895,2772.8,3140.8
247,51.376122,0.017745,51.373289,0.089119,2290.4807632212205,-1.0,-1.0
248,51.394784,0.123207,51.373289,0.089119,2299.4925954994005,2699.7,3282.2
249,51.366122,0.100181,51.373289,0.089119,2317.684406262208,2465.7,2673.7
250,51.383683,0.055719,51.373289,0.089119,2344.4753277614373,2421.5,3043.3
251,51.393354,0.125955,51.373289,0.089119,2373.2597312971175,2972.2,3697.8
252,51.395533,0.12514,51.386682,0.0346,2391.514101124422,2637,3926.6
253,51.377208,0.078399,51.373289,0.089119,2397.663128174912,2690.9,2967.8
254,51.353215,0.095823,51.373289,0.089119,2406.448465817513,2581.3,2955
255,51.395508,0.096271,51.373289,0.089119,2423.967684752462,2737.9,3261.8
256,51.391005,0.084979,51.373289,0.089119,2425.842519409681,2670.5,3094.5
257,51.366122,0.100181,51.373289,0.089119,2432.6419109598487,2465.7,2673.7
258,51.392027,0.111732,51.373289,0.089119,2447.4572153946283,2540.8,2934.9
259,51.374059,0.0399,51.373289,0.089119,2449.018728183008,2461.6,2983.8
260,51.308226,0.037141,51.373289,0.089119,2469.342226773699,-1.0,-1.0
261,51.363707,0.06882,51.373289,0.089119,2472.964120644349,2854.3,3266.5
262,51.406061,0.092701,51.426083,0.102051,2491.947906951507,2830.3,3183.7
263,51.37176,0.056793,51.373289,0.089119,2497.4965871370127,2871.5,3260.3
264,51.379926,0.08453,51.373289,0.089119,2498.418636472266,2808,3252.8
265,51.387278,0.089104,51.373289,0.089119,2515.3969173112055,2760.9,3094.5
266,51.395508,0.096271,51.373289,0.089119,2522.727050150469,2737.9,3261.8
267,51.385857,0.066954,51.373289,0.089119,2540.20910810304,2600.6,3043.3
268,51.371822,0.056715,51.373289,0.089119,2543.3538828901274,2871.4,3260.3
269,51.386778,0.07701,51.373289,0.089119,2544.8520480969723,2592.2,3094.5
270,51.395508,0.096271,51.373289,0.089119,2560.6911018574224,2737.9,3261.8
271,51.365635,0.098214,51.373289,0.089119,2562.5264208950603,2750,2938.7
272,51.372859,0.1031,51.373289,0.089119,2568.583176653453,2631.8,2784.4
273,51.371741,0.042793,51.373289,0.089119,2592.8759781021836,2636.5,3093.2
274,51.369122,0.063625,51.373289,0.089119,2593.702329987652,2886.5,3211.5
275,51.381121,0.102078,51.407013,0.072698,2605.420697416022,2833.3,3314.4
276,51.383258,0.08116,51.373289,0.089119,2622.6275824750314,2933,3266.7
277,51.369569,0.093063,51.373289,0.089119,2635.1521828606087,2727.6,2840.4
278,51.377957,0.111321,51.373289,0.089119,2659.1331597955823,2944,3385
279,51.390716,0.105521,51.396915,0.106306,2660.087077204374,3056.3,3490.8
280,51.426256,0.109774,51.373289,0.089119,2665.177421152076,3287.6,4246.2
281,51.377192,0.083283,51.373289,0.089119,2680.032438134471,2758.3,2967.8
282,51.392027,0.111732,51.373289,0.089119,2680.7358822212323,2884.7,3282.2
283,51.30615,0.042296,51.373289,0.089119,2709.1094179378933,-1.0,-1.0
284,51.363441,0.110437,51.373289,0.089119,2717.828772441196,2943,3537.7
285,51.387265,0.089019,51.373289,0.089119,2764.3145083555705,3026.9,3360.9
286,51.395508,0.096271,51.373289,0.089119,2783.835678347539,3222,3744.2
287,51.384008,0.078137,51.373289,0.089119,2809.594764028109,2938.9,3252.8
288,51.363707,0.06882,51.373289,0.089119,2813.319034064171,2854.3,3266.5
289,51.362608,0.097022,51.373289,0.089119,2817.2311086667573,2997.4,3252.3
290,51.365635,0.098214,51.373289,0.089119,2826.1589013680014,2960,3148.7
291,51.397793,0.09717,51.373289,0.089119,2826.2975599624783,3336.2,4119.1
292,51.411709,0.113374,51.373289,0.089119,2826.96516907826,3438.4,4095.7
293,51.369122,0.063625,51.373289,0.089119,2827.0095670408646,2886.5,3211.5
294,51.362608,0.097022,51.373289,0.089119,2836.1956240072395,2997.4,3252.3
295,51.389245,0.069895,51.373289,0.089119,2842.6419894518267,2926.4,3385.8
296,51.359077,0.110302,51.373289,0.089119,2846.7289199556044,3056.2,3537.7
297,51.392836,0.096084,51.373289,0.089119,2850.559137810506,3336.2,3909
298,51.419111,0.075381,51.373289,0.089119,2872.4450501139468,3348.2,4396.7
299,51.400292,0.10827,51.41914,0.072061,2877.221078996381,3441.1,3843.2
300,51.377739,0.116504,51.373289,0.089119,2880.8309679808103,3012.5,3385
301,51.401988,0.103609,51.381191,0.104231,2884.323454121326,3301.4,3872.7
302,51.387191,0.114103,51.366065,0.055464,2884.5352676019406,3176.3,4071.8
303,51.305112,0.020112,51.392665,0.034982,2889.863130321139,-1.0,-1.0
304,51.360806,0.10564,51.373289,0.089119,2894.003281977849,3200.9,3553.8
305,51.385283,0.044986,51.369527,0.035625,2897.575180393576,3437.6,3716.3
306,51.359444,0.085241,51.373289,0.089119,2913.100313291028,3214.8,3502.4
307,51.390368,0.069627,51.373289,0.089119,2931.5803448353313,2976.6,3385.8
308,51.394739,0.075845,51.373289,0.089119,2935.4471713188723,3359.4,3829.7
309,51.397221,0.046395,51.373289,0.089119,2946.321603287132,3212.2,4249.4
310,51.359199,0.085731,51.373289,0.089119,2951.5846282601087,3209,3502.4
311,51.411709,0.113374,51.373289,0.089119,2954.9366276801807,3438.4,4095.7
312,51.387417,0.03888,51.373289,0.089119,2980.17873725023,3499.4,4249.4
313,51.406061,0.092701,51.426083,0.102051,2980.417923140909,3425.6,3789
314,51.354854,0.101794,51.373289,0.089119,2991.121686989837,3341.1,3750.4
315,51.389245,0.069895,51.373289,0.089119,3002.492792557467,3045.6,3471.6
316,51.38334,0.116198,51.373289,0.089119,3051.4365889059072,3253.9,3697.8
317,51.395533,0.12514,51.386682,0.0346,3060.4422710095114,3514.1,4834.5
318,51.38334,0.116198,51.373289,0.089119,3081.5016500329516,3253.9,3697.8
319,51.362212,0.091756,51.373289,0.089119,3089.649541383303,3150,3354
320,51.359077,0.110302,51.373289,0.089119,3090.3587485130715,3176.2,3537.7
321,51.362651,0.083601,51.373289,0.089119,3096.096024245143,3349.4,3604.4
322,51.312317,0.035579,51.373289,0.089119,3116.6309491248808,-1.0,-1.0
323,51.30615,0.042296,51.373289,0.089119,3120.319902778488,-1.0,-1.0
324,51.375015,0.014733,51.373289,0.089119,3132.3016868785276,3553.5,4190.3
325,51.394819,0.121873,51.373289,0.089119,3134.632598278312,3652.2,4431.8
326,51.332266,0.024189,51.373289,0.089119,3138.2557815585114,-1.0,-1.0
327,51.30615,0.042296,51.373289,0.089119,3138.9036116423613,-1.0,-1.0
328,51.383856,0.117846,51.373289,0.089119,3157.416076628506,3573.7,4003.1
329,51.332266,0.024189,51.373289,0.089119,3157.9965137532595,-1.0,-1.0
330,51.305445,0.020836,51.373289,0.089119,3217.7388764899397,-1.0,-1.0
331,51.36714,0.120211,51.373289,0.089119,3224.2068676711633,3530.5,3883.3
332,51.363475,0.098595,51.373289,0.089119,3225.3336554226958,3288.3,3553.8
333,51.38334,0.116198,51.373289,0.089119,3238.405303025928,3536.9,4003.1
334,51.373184,0.065185,51.375196,0.098807,3239.5057544684023,3435.4,3709
335,51.359077,0.110302,51.373289,0.089119,3242.2561444282987,3499.8,3918.3
336,51.405974,0.064899,51.373289,0.089119,3248.279170337256,3503.6,4399.8
337,51.421269,0.067668,51.373289,0.089119,3253.143334151093,3565.1,4396.7
338,51.374951,0.014687,51.373289,0.089119,3255.0441696912217,3553.7,4190.3
339,51.363782,0.107029,51.373289,0.089119,3265.043766079336,3504,3794.4
340,51.377739,0.116504,51.373289,0.089119,3272.0986014344153,3612.3,3984.7
341,51.363579,0.098549,51.373289,0.089119,3287.275468095674,3309.9,3553.8
342,51.363579,0.098549,51.373289,0.089119,3307.4432269935774,3349.7,3553.8
343,51.394784,0.123207,51.373289,0.089119,3309.7895498625135,3715,4431.8
344,51.363608,0.098554,51.373289,0.089119,3315.470797520197,3449,3652
345,51.395508,0.096271,51.373289,0.089119,3325.1449184807007,3413.3,4119.1
346,51.371462,0.068718,51.373289,0.089119,3325.9276383021343,3543.8,3826.2
347,51.395533,0.12514,51.386682,0.0346,3365.7831651410834,3514.2,4834.5
348,51.368284,0.082987,51.373289,0.089119,3367.4531950552587,3429.9,3609.7
349,51.372546,0.087542,51.373289,0.089119,3393.6722950178396,3454.9,3553.7
350,51.386154,0.060555,51.373289,0.089119,3396.7813909882016,3827.9,4334.4
351,51.359077,0.110302,51.373289,0.089119,3414.1228214948346,3499.8,3918.3
352,51.377208,0.078399,51.373289,0.089119,3427.2718102191366,3587,3853.1
353,51.361349,0.064287,51.373289,0.089119,3431.5060206944227,3696.1,3991.3
354,51.417305,0.115911,51.373289,0.089119,3442.889184477535,3505.9,4246.2
355,51.391005,0.084979,51.373289,0.089119,3449.787016620867,3508.8,3909
356,51.397662,0.122674,51.418611,0.089081,3464.3545417984983,3571.8,4099.7
357,51.397662,0.122674,51.418611,0.089081,3471.655736170644,3571.8,4099.7
358,51.393354,0.125955,51.373289,0.089119,3472.177501812542,3974.9,4693.6
359,51.391431,0.048291,51.373289,0.089119,3503.842305061073,3676.7000000000003,4249.4
360,51.395508,0.096271,51.373289,0.089119,3506.7055101511396,3591.7,4119.1
361,51.391474,0.048143,51.373289,0.089119,3532.691224868676,3675.4,4249.4
362,51.377192,0.083283,51.373289,0.089119,3540.106610075303,3637.2,3853.1
363,51.386154,0.060555,51.373289,0.089119,3541.964072506714,3827.9,4334.4
364,51.363441,0.110437,51.373289,0.089119,3543.6324788585944,3638.3,3918.3
365,51.312317,0.035579,51.373289,0.089119,3557.5842190391786,-1.0,-1.0
366,51.378707,0.099396,51.373289,0.089119,3558.362584487373,3670.7,3868.3
367,51.360806,0.10564,51.373289,0.089119,3558.6760191191815,3795.8,4242.4
368,51.417305,0.115911,51.373289,0.089119,3575.3512595570237,3654.7,4667.3
369,51.363602,0.096649,51.373289,0.089119,3584.703126720242,3753.2,4009.2
370,51.363602,0.096649,51.373289,0.089119,3585.1009960432993,3753.2,4009.2
371,51.386437,0.065909,51.373289,0.089119,3596.3655188663256,3760.8,4334.4
372,51.359077,0.110302,51.373289,0.089119,3599.4906325425204,3792.6,4152.8
373,51.392918,0.032157,51.373289,0.089119,3600.057858604747,4045.3,4773.3
374,51.384008,0.078137,51.373289,0.089119,3625.557549751156,3891.8,4196.9
375,51.353215,0.095823,51.373289,0.089119,3629.1331172619452,3968.1,4340.6
376,51.396677,0.113421,51.375202,0.099462,3632.728777685789,3745.5,4056.9
377,51.383683,0.055719,51.373289,0.089119,3633.471285941596,4180.5,4784.9
378,51.36049,0.089292,51.376034,0.097798,3648.659809507512,3838.7,4125.6
379,51.359077,0.110302,51.373289,0.089119,3658.1629223144655,3792.6,4152.8
380,51.374951,0.014687,51.373289,0.089119,3658.2187255360877,4009.9,4736.3
381,51.383258,0.08116,51.373289,0.089119,3661.863581912545,3754.4,4196.9
382,51.361702,0.097327,51.373289,0.089119,3669.524224023727,3901,4291.4
383,51.379926,0.08453,51.373289,0.089119,3703.3703836921964,3922.2,4411.3
384,51.386154,0.060555,51.373289,0.089119,3708.6744557132492,3827.9,4334.4
385,51.387122,0.078479,51.373289,0.089119,3720.912169744261,3836.6,4196.9
386,51.38334,0.116198,51.373289,0.089119,3741.6709954171456,4046.9,4567.6
387,51.383175,0.080856,51.373289,0.089119,3743.2111249815694,3757.8,4196.9
388,51.35808,0.090973,51.373289,0.089119,3750.5779536246223,4009.9,4317.3
389,51.384008,0.078137,51.373289,0.089119,3810.931315888747,4047.8,4466.9
390,51.363782,0.107029,51.373289,0.089119,3822.7875174034284,3950.5,4242.4
391,51.363475,0.098595,51.373289,0.089119,3824.5409948040565,3993.7,4198.4
392,51.387265,0.089019,51.373289,0.089119,3827.146793537749,3897.7,4399.8
393,51.306952,0.023171,51.373289,0.089119,3827.3605165352697,-1.0,-1.0
394,51.392592,0.0835,51.373289,0.089119,3835.0478585722162,3918.9,4396.7
395,51.386778,0.07701,51.373289,0.089119,3837.8256375121987,4053.5,4396.7
396,51.313766,0.024346,51.373289,0.089119,3846.293060401624,-1.0,-1.0
397,51.37245,0.084292,51.378905,0.100827,3854.694408435679,3925.8,4135.7
398,51.394784,0.123207,51.373289,0.089119,3863.5130915408754,4258.5,4837.1
399,51.377208,0.078399,51.373289,0.089119,3864.4225020394097,4033.5,4274.2
400,51.306952,0.023171,51.373289,0.089119,3866.3393546313205,-1.0,-1.0
401,51.36049,0.089292,51.376034,0.097798,3867.7068018693603,3908.2,4125.6
402,51.36714,0.120211,51.373289,0.089119,3884.1828116652237,4175.3,4536.1
403,51.389729,0.092299,51.373289,0.089119,3887.9503595709575,3988.6,4399.8
404,51.384008,0.078137,51.373289,0.089119,3906.529705195434,4047.8,4466.9
405,51.385857,0.066954,51.373289,0.089119,3910.661212947335,4005.3,4784.9
406,51.408169,0.098927,51.373289,0.089119,3911.69797241819,4097.2,4667.3
407,51.387191,0.114103,51.366065,0.055464,3914.79336977413,3991.1,4805.7
408,51.386437,0.065909,51.373289,0.089119,3919.44514180748,4018.5,4784.9
409,51.387265,0.089019,51.373289,0.089119,3919.984274170595,4068.3,4399.8
410,51.391431,0.048291,51.373289,0.089119,3923.4486987660107,4292.5,5007
411,51.363707,0.06882,51.373289,0.089119,3926.743198641145,4293.9,4713
412,51.408169,0.098927,51.373289,0.089119,3933.710419230886,4097.3,4667.3
413,51.387265,0.089019,51.373289,0.089119,3937.244117265612,4077.2,4411.3
414,51.332266,0.024189,51.373289,0.089119,3941.6090249884937,-1.0,-1.0
415,51.362989,0.04634,51.376786,0.100594,3942.113566764516,4264.4,4881.5
416,51.392279,0.035162,51.373289,0.089119,3945.4494144887894,4093.7,4773.3
417,51.389729,0.092299,51.373289,0.089119,3948.1019734157967,4268.7,4670.5
418,51.376235,0.122352,51.373289,0.089119,3962.088139187285,4277.5,4749.1
419,51.37245,0.084292,51.378905,0.100827,3969.5626332335873,4052.8,4261.1
420,51.387592,0.114488,51.373289,0.089119,3972.6545174113603,4006.9,4431.8
421,51.363602,0.096649,51.373289,0.089119,3975.3929067083095,4036.9,4291.4
422,51.392279,0.035162,51.373289,0.089119,3982.59129284204,4093.7,4773.3
423,51.393354,0.125955,51.373289,0.089119,4004.166257061345,4063.7,4693.6
424,51.390716,0.105521,51.396915,0.106306,4013.5516912892836,4350.8,4624.8
425,51.361702,0.097327,51.373289,0.089119,4016.0462392802356,4236.2,4539.1
426,51.386778,0.07701,51.373289,0.089119,4033.5050422159734,4085.7,4466.9
427,51.362913,0.069291,51.377894,0.101348,4040.42976795983,4318.3,4691.8
428,51.362212,0.091756,51.373289,0.089119,4043.5095206031747,4113.4,4317.3
429,51.363579,0.098549,51.373289,0.089119,4059.985881628001,4299,4502.8
430,51.387592,0.114488,51.373289,0.089119,4074.337833715715,4144.9,4567.6
431,51.36318,0.109239,51.373289,0.089119,4084.185556024154,4404.9,4835.9
432,51.362608,0.097022,51.373289,0.089119,4084.776945499589,4200.5,4539.1
433,51.360806,0.10564,51.373289,0.089119,4093.1309996212135,4380.5,4676.3
434,51.406868,0.076718,51.373289,0.089119,4100.201556112811,4549.3,-1.0
435,51.394739,0.075845,51.373289,0.089119,4100.819125191194,4484.6,5117.6
436,51.394784,0.123207,51.373289,0.089119,4106.2244465901795,4258.5,4837.1
437,51.384917,0.082606,51.373289,0.089119,4111.826157380875,4450.8,4887.2
438,51.384008,0.078137,51.373289,0.089119,4118.15568667196,4161.9,4466.9
439,51.419125,0.07225,51.400319,0.108353,4137.471105984366,-1.0,-1.0
440,51.394432,0.098349,51.369452,0.035717,4146.6184254422715,4724,-1.0
441,51.369122,0.063625,51.373289,0.089119,4147.656691750057,4409.8,4736.3
442,51.369122,0.063625,51.373289,0.089119,4151.539197354909,4409.8,4736.3
443,51.372641,0.097814,51.373289,0.089119,4156.16099004653,4288.9,4410.5
444,51.361349,0.064287,51.373289,0.089119,4169.886607441487,4417.8,4713
445,51.377192,0.083283,51.373289,0.089119,4175.589220430155,4374.3,4649.6
446,51.360806,0.10564,51.373289,0.089119,4177.733611037728,4380.5,4676.3
447,51.332266,0.024189,51.373289,0.089119,4199.969454195596,-1.0,-1.0
