83,51.393375,0.071298,51.373289,0.089119,606.4009201255576,891.1,1335.5
84,51.411259,0.054505,51.373289,0.089119,661.0828825497483,1135,2131.6
85,51.377739,0.116504,51.373289,0.089119,664.0669617038204,857,1235.9
86,51.395508,0.096271,51.373289,0.089119,669.9207478779207,972,1680.5
87,51.381121,0.102078,51.407013,0.072698,670.7312677992604,736.3,1215.5
88,51.423588,0.109037,51.373289,0.089119,678.4840056873112,759.6,1482.8
89,51.40698,0.105408,51.411821,0.105746,681.8718714313463,1116.9,1298.8
90,51.376235,0.122352,51.373289,0.089119,682.6357858773728,900.7,1575.3
91,51.383163,0.081111,51.373289,0.089119,702.7476629476034,830.4,1158.4
92,51.352513,0.091851,51.373289,0.089119,710.2244414274849,815.3,1272.2
93,51.354854,0.101794,51.373289,0.089119,716.1507501644475,847.7,1281.4
94,51.394739,0.075845,51.373289,0.089119,732.3238418197334,1050,1698.8
95,51.359077,0.110302,51.373289,0.089119,742.589685047357,915.6,1274.4
96,51.377192,0.083283,51.373289,0.089119,751.7449170377206,852.7,1065
97,51.312317,0.035579,51.373289,0.089119,755.5509345699489,1338.4,2961.6
98,51.379202,0.101517,51.373289,0.089119,762.7110213288155,864.9,1136.3
99,51.400292,0.10827,51.41914,0.072061,764.3483955496732,1231.2,1640.6
100,51.398217,0.058386,51.373092,0.087254,767.1522596577333,938.9,1641.7
101,51.385857,0.066954,51.373289,0.089119,767.63134721428,952.8000000000001,1394.2
102,51.358061,0.09107,51.373289,0.089119,776.3679904502952,890.1,1240.9
103,51.362651,0.083601,51.373289,0.089119,779.938242853428,887.6,1168.3
104,51.38678,0.079373,51.373289,0.089119,785.591907537628,963.2,1471.6
105,51.386437,0.065909,51.373289,0.089119,787.591582299667,939.6,1394.2
106,51.361349,0.064287,51.373289,0.089119,789.9521533429686,952.9,1321.8
107,51.372613,0.016006,51.373289,0.089119,803.0756527500232,810.8,1503.2
108,51.363602,0.096649,51.373289,0.089119,805.1336278196484,954,1209.1
109,51.363579,0.098549,51.373289,0.089119,818.7010654864197,992.4,1198.6
110,51.359077,0.110302,51.373289,0.089119,832.0160206701511,915.6,1274.4
111,51.387265,0.089019,51.373289,0.089119,838.5507923971993,888.2,1298.6
112,51.401677,0.108956,51.373289,0.089119,839.7672075273942,988.7,1637.2
113,51.374589,0.107636,51.373289,0.089119,841.0050052332557,976.1,1215.1
114,51.402296,0.109148,51.373289,0.089119,843.7851529107478,978.6,1637.2
115,51.386313,0.045252,51.373289,0.089119,849.4826172502619,1260.1,2278.9
116,51.415646,0.053651,51.373289,0.089119,855.9620206184422,1143.4,1999.8
117,51.363475,0.098595,51.373289,0.089119,857.6673069286942,993.8,1198.6
118,51.306689,0.036265,51.373289,0.089119,858.7321601552139,-1.0,-1.0
119,51.36975,0.081367,51.373289,0.089119,861.0314476887461,962.1,1142
120,51.363579,0.098549,51.373289,0.089119,873.4690618686898,992.4,1198.6
121,51.361702,0.097327,51.373289,0.089119,890.4080775182495,1007.1,1395.3
122,51.359077,0.110302,51.373289,0.089119,894.134836656649,915.6,1274.4
123,51.375793,0.107093,51.373289,0.089119,896.0720911526836,1005.6,1301.4
124,51.38334,0.116198,51.373289,0.089119,896.8948303328016,1060,1575.3
125,51.362651,0.083601,51.373289,0.089119,899.1941029465098,908,1168.3
126,51.422627,0.107933,51.373289,0.089119,899.9518210999348,1510.3,2436.1
127,51.358061,0.09107,51.373289,0.089119,903.65600360642,961.5,1240.9
128,51.389065,0.076755,51.407709,0.073591,907.1606211534574,1195.4,1834.5
129,51.359199,0.085731,51.373289,0.089119,911.290151837874,987.9,1272.2
130,51.387278,0.089104,51.373289,0.089119,913.4456730540256,967.8,1298.6
131,51.38593,0.101273,51.373289,0.089119,919.7732014686234,1333.3,1808.2
132,51.397737,0.051201,51.373289,0.089119,919.8352926939591,1085.2,1767.1
133,51.39686,0.096915,51.41796,0.089729,920.7336925994393,1380.2,1800.4
134,51.395533,0.12514,51.386682,0.0346,921.6212391782129,974.3000000000001,1883.3
135,51.372613,0.016006,51.373289,0.089119,922.6599383767962,1427.3,2193.8
136,51.360921,0.075825,51.386599,0.034845,925.0930357051983,1216.7,1726
137,51.363602,0.096649,51.373289,0.089119,928.3389505075278,954,1209.1
138,51.404697,0.056189,51.373289,0.089119,928.8405408460794,1426.5,2131.6
139,51.393442,0.034359,51.373289,0.089119,938.3513863699046,1114.3,1965
140,51.395508,0.096271,51.373289,0.089119,945.6490827789747,972,1680.5
141,51.392027,0.111732,51.373289,0.089119,962.198648070429,1085.6,1482.8
142,51.361349,0.064287,51.373289,0.089119,966.3396222314902,1026.7,1321.8
143,51.362212,0.091756,51.373289,0.089119,973.3510996925305,1076.3,1281.4
144,51.332266,0.024189,51.373289,0.089119,984.5245139840862,-1.0,-1.0
145,51.362667,0.083672,51.373289,0.089119,988.3220936159761,1158.6,1413.7
146,51.405671,0.048299,51.373289,0.089119,1003.3050914320511,1471.6,2378.7
147,51.393354,0.125955,51.373289,0.089119,1014.16646248245,1491.5,2125.3
148,51.362667,0.083672,51.373289,0.089119,1026.6183271960756,1158.6,1413.7
149,51.387592,0.114488,51.373289,0.089119,1027.4648242751239,1164.3,1575.3
150,51.306543,0.046027,51.373289,0.089119,1034.2507929151104,1484.5,2961.6
151,51.359077,0.110302,51.373289,0.089119,1037.4296481801994,1307.3,1665.3
152,51.411709,0.113374,51.373289,0.089119,1038.2713638614691,1496.6,2392.7
153,51.384917,0.082606,51.373289,0.089119,1042.3150168692516,1230.7,1569.7
154,51.36714,0.120211,51.373289,0.089119,1051.7953701606289,1265.3,1691.4
155,51.387191,0.114103,51.366065,0.055464,1066.4605083749843,1336.4,2254.8
156,51.36352,0.098566,51.373289,0.089119,1068.3372508605423,1227.7,1510
157,51.384597,0.103294,51.416012,0.117947,1071.861146002976,1361.1,1884.6
158,51.392836,0.096084,51.373289,0.089119,1074.5792393714896,1440.3,1923.3
159,51.362882,0.108944,51.367496,0.076858,1076.5368313673991,1332.3,1954.5
160,51.389666,0.120895,51.362571,0.095189,1082.4328315243995,1556.5,2138.8
161,51.311086,0.034008,51.373289,0.089119,1083.663288569457,1384.2,2961.6
162,51.36714,0.120211,51.373289,0.089119,1085.7072193867637,1265.3,1691.4
163,51.37176,0.056793,51.373289,0.089119,1087.0245424848763,1338.6,1729.1
164,51.421544,0.060143,51.382413,0.045041,1088.5379235584517,1626.8,2337.5
165,51.359199,0.085731,51.373289,0.089119,1089.27976578513,1260.8,1663
166,51.376235,0.122352,51.373289,0.089119,1092.4527828237606,1487.5,1911.8
167,51.369122,0.063625,51.373289,0.089119,1097.4559641714513,1178.4,1503.2
168,51.394739,0.075845,51.373289,0.089119,1117.5295438681042,1228,1698.8
169,51.362212,0.091756,51.373289,0.089119,1118.3636984347456,1189.2,1395.3
170,51.371216,0.120965,51.373289,0.089119,1124.6217035258767,1482.5,2076.8
171,51.371462,0.068718,51.373289,0.089119,1130.176276148071,1382.9,1665.5
172,51.403993,0.110542,51.373289,0.089119,1131.0215948447628,1694.4,2416.5
173,51.383683,0.055719,51.373289,0.089119,1140.2617742775294,1706.6,2304.5
174,51.391474,0.048143,51.373289,0.089119,1144.804065856264,1346.1,1965
175,51.377739,0.116504,51.373289,0.089119,1152.2369477026689,1512.3,1884.7
176,51.400292,0.10827,51.41914,0.072061,1157.6195860771527,1231.2,1640.6
177,51.353438,0.095622,51.373289,0.089119,1160.143190074436,1543.2,2174.3
178,51.406868,0.076718,51.373289,0.089119,1162.8704735758972,1402.5,1999.8
179,51.391005,0.084979,51.373289,0.089119,1166.550810836704,1251.5,1680.5
180,51.358061,0.09107,51.373289,0.089119,1172.60424846669,1290.6,1570.1
181,51.36318,0.109239,51.373289,0.089119,1179.6851319518223,1328.3,1744.1
182,51.387592,0.114488,51.373289,0.089119,1180.4444520620746,1352.2,1880.2
183,51.392027,0.111732,51.373289,0.089119,1189.6543105383105,1240.2,1637.2
184,51.386181,0.070901,51.373289,0.089119,1196.1472422209192,1537.4,2053.3
185,51.38334,0.116198,51.373289,0.089119,1203.9995552902835,1586.9,2246.1
186,51.383856,0.117846,51.373289,0.089119,1212.3231055089614,1455,1880.2
187,51.304181,0.039261,51.373289,0.089119,1220.3903145558786,1767.4,2961.6
188,51.4096,0.053079,51.373289,0.089119,1220.4380920566102,1297.3,2131.6
189,51.365635,0.098214,51.373289,0.089119,1222.5177027234251,1266.6,1510
190,51.308226,0.037141,51.373289,0.089119,1224.8792562918727,-1.0,-1.0
191,51.393354,0.125955,51.373289,0.089119,1225.840643607506,1491.5,2125.3
192,51.36975,0.081367,51.373289,0.089119,1227.5607906463918,1291.8,1471.6
193,51.359077,0.110302,51.373289,0.089119,1236.9240872542805,1307.3,1665.3
194,51.38279,0.058729,51.365276,0.064394,1245.4282127689785,1760.2,2315.6
195,51.363608,0.098554,51.373289,0.089119,1246.9893580561916,1305,1510
196,51.371462,0.068718,51.373289,0.089119,1255.954529779328,1382.9,1665.5
197,51.371216,0.120965,51.373289,0.089119,1261.3861351109556,1482.5,2076.8
198,51.397793,0.09717,51.373289,0.089119,1267.2395934613455,1746.2,2280
199,51.372859,0.1031,51.373289,0.089119,1276.6121834956116,1389.3,1543
200,51.401988,0.103609,51.381191,0.104231,1282.1291092577012,1785.9,2153.5
201,51.371462,0.068718,51.373289,0.089119,1283.5245022528568,1382.9,1665.5
202,51.306952,0.023171,51.373289,0.089119,1284.8065986413762,-1.0,-1.0
203,51.377739,0.116504,51.373289,0.089119,1288.0627178534382,1512.3,1884.7
204,51.356318,0.099467,51.373289,0.089119,1293.2288397276523,1699.7,2152.6
205,51.387278,0.089104,51.373289,0.089119,1305.1236655770986,1345.8,1680.5
206,51.398217,0.058386,51.373092,0.087254,1307.8346271351777,1533.8,2157.9
207,51.356318,0.099467,51.373289,0.089119,1310.4334224973766,1699.7,2152.6
208,51.359199,0.085731,51.373289,0.089119,1311.7019895050353,1377.6,1663
209,51.371822,0.056715,51.373289,0.089119,1318.2085512070478,1338.5,1729.1
210,51.392836,0.096084,51.373289,0.089119,1323.1157094541734,1440.3,1923.3
211,51.397793,0.09717,51.373289,0.089119,1324.8693418877815,1746.2,2280
212,51.361479,0.107549,51.373289,0.089119,1326.0724153518422,1417.6,1744.1
213,51.359176,0.085596,51.36659,0.066972,1328.135096058811,1378.5,1930
214,51.376122,0.017745,51.373289,0.089119,1341.5549855451936,1487,2193.8
215,51.394784,0.123207,51.373289,0.089119,1347.5481459361106,1848.5,2674.3
216,51.366122,0.100181,51.373289,0.089119,1359.6462893920977,1531,1739.9
217,51.423164,0.061406,51.407703,0.073603,1371.7860366524903,1590,1834.5
218,51.354732,0.101482,51.377414,0.100986,1375.875338830351,1726.5,2234.2
219,51.353215,0.095823,51.373289,0.089119,1381.7178729516254,1547.7,2174.3
220,51.395508,0.096271,51.373289,0.089119,1393.3687210543983,1782,2304.2
221,51.392592,0.0835,51.373289,0.089119,1394.6155468341422,1689.7,2331.1
222,51.366122,0.100181,51.373289,0.089119,1399.137362471953,1531,1739.9
223,51.363707,0.06882,51.373289,0.089119,1408.9900198425173,1684.1,2104.9
224,51.386154,0.060555,51.373289,0.089119,1410.0284764298517,1606.5,2304.5
225,51.406061,0.092701,51.426083,0.102051,1422.6533092777918,1780.8,2144.4
226,51.379926,0.08453,51.373289,0.089119,1424.7845974520897,1675.6,1975.8
227,51.37176,0.056793,51.373289,0.089119,1428.4746495173235,1761.3999999999999,2236.5
228,51.354854,0.101794,51.373289,0.089119,1429.0878421937887,1618.9,2174.3
229,51.387278,0.089104,51.373289,0.089119,1440.3789489397686,1589.1,1923.3
230,51.385857,0.066954,51.373289,0.089119,1452.005083785481,1598.9,2053.3
231,51.371822,0.056715,51.373289,0.089119,1454.0964608895538,1761.3,2236.5
232,51.386778,0.07701,51.373289,0.089119,1455.0927892831096,1620.3,1965
233,51.395508,0.096271,51.373289,0.089119,1465.6262731181978,1782,2304.2
234,51.365635,0.098214,51.373289,0.089119,1466.846819730866,1610,1798.7
235,51.372859,0.1031,51.373289,0.089119,1470.8747585104798,1528.3,1691.4
236,51.36318,0.109239,51.373289,0.089119,1487.0302584058184,1790.7,2101.8
237,51.372641,0.097814,51.373289,0.089119,1498.9234221803488,1568.8,1691.4
238,51.36714,0.120211,51.373289,0.089119,1499.4729729527194,1632.1,2076.8
239,51.384597,0.103294,51.416012,0.117947,1507.2660668930014,1835.7,2359.6
240,51.369569,0.093063,51.373289,0.089119,1515.5953318666352,1617.1,1730.1
241,51.377957,0.111321,51.373289,0.089119,1531.5434583591987,1580.6,1884.7
242,51.315575,0.034027,51.373289,0.089119,1534.9287019791202,-1.0,-1.0
243,51.377192,0.083283,51.373289,0.089119,1544.807769480282,1701.6,1914.9
244,51.407665,0.057023,51.373289,0.089119,1545.2755825850834,1587.4,2378.7
245,51.371741,0.042793,51.373289,0.089119,1564.1449029583769,1737.2,2193.8
246,51.363782,0.107029,51.373289,0.089119,1569.943556154585,1754.4,2101.8
247,51.387265,0.089019,51.373289,0.089119,1600.8580763792029,1668.8,1999.8
248,51.401226,0.116967,51.373289,0.089119,1613.8402867853486,1819.5,2392.7
249,51.384008,0.078137,51.373289,0.089119,1630.9709131931238,1739.9,2053.3
250,51.358061,0.09107,51.373289,0.089119,1637.7342424165297,1850,2157.4
251,51.376235,0.122352,51.373289,0.089119,1643.148330358835,2026.6,2451.7
252,51.353438,0.095622,51.373289,0.089119,1643.9874647740096,1785.0,2152.6
253,51.423287,0.062658,51.373289,0.089119,1646.4642249906026,1768.4,2762.2
254,51.383163,0.081111,51.373289,0.089119,1649.0658813276057,1838.9,2333.2
255,51.365635,0.098214,51.373289,0.089119,1655.0031526775138,1820,2089.1
256,51.378707,0.099396,51.373289,0.089119,1655.4471343657888,1860.4,2061.5
257,51.36714,0.120211,51.373289,0.089119,1655.476660449132,1716.1,2076.8
258,51.409062,0.062033,51.373289,0.089119,1661.585685901468,1741.5,2378.7
259,51.389245,0.069895,51.373289,0.089119,1665.872727743272,1738.3,2131.6
260,51.359077,0.110302,51.373289,0.089119,1668.5906689187836,1780.8,2174.3
261,51.392836,0.096084,51.373289,0.089119,1671.137887866939,1877.4,2331.1
262,51.411709,0.113374,51.373289,0.089119,1685.6927285127924,1783.1,2436.1
263,51.377739,0.116504,51.373289,0.089119,1688.093421624833,1852.9,2246.1
264,51.401988,0.103609,51.381191,0.104231,1690.4160380425667,1785.9,2153.5
265,51.387191,0.114103,51.366065,0.055464,1690.556900868582,1725.5,2497.6
266,51.392796,0.072216,51.367227,0.104178,1694.100102165643,1988.6,2884.3
267,51.362608,0.097022,51.373289,0.089119,1696.8534371318808,1887.4,2170.8
268,51.362913,0.069291,51.377894,0.101348,1699.2288652850818,1787.7,2278.6
269,51.359444,0.085241,51.373289,0.089119,1709.5535815772414,1976.9,2264.6
270,51.38678,0.079373,51.373289,0.089119,1710.2448392030851,1946,2333.2
271,51.38674,0.0711,51.373289,0.089119,1717.4766887242636,1858.4,2278.9
272,51.359199,0.085731,51.373289,0.089119,1720.9767708197576,1972,2251.4
273,51.378707,0.099396,51.373289,0.089119,1723.2059590175222,1860.4,2061.5
274,51.369122,0.063625,51.373289,0.089119,1739.9927795650704,1907.9,2236.5
275,51.353215,0.095823,51.373289,0.089119,1741.9010585719723,1780.5,2152.6
276,51.389245,0.069895,51.373289,0.089119,1749.463212125791,1787,2278.9
277,51.387122,0.078479,51.373289,0.089119,1755.4391188278476,1919,2333.2
278,51.38334,0.116198,51.373289,0.089119,1787.9883288666103,1974,2416.5
279,51.38334,0.116198,51.373289,0.089119,1801.9934981068532,1974,2416.5
280,51.362651,0.083601,51.373289,0.089119,1805.8089723198468,1994.4,2251.7
281,51.312317,0.035579,51.373289,0.089119,1819.4653625655558,-1.0,-1.0
282,51.30615,0.042296,51.373289,0.089119,1821.9186362437908,-1.0,-1.0
283,51.365635,0.098214,51.373289,0.089119,1830.257823882687,1904.2,2089.1
284,51.332266,0.024189,51.373289,0.089119,1832.667358132065,-1.0,-1.0
285,51.371741,0.042793,51.373289,0.089119,1833.0981861233906,2145.1,2604.6
286,51.425058,0.106869,51.373289,0.089119,1845.40957502505,2066.5,2828.1
287,51.362212,0.091756,51.373289,0.089119,1848.123288096608,1953.5,2157.4
288,51.421544,0.060143,51.382413,0.045041,1852.610090101645,2054.5,2875.8
289,51.332266,0.024189,51.373289,0.089119,1852.9960995920694,-1.0,-1.0
290,51.306952,0.023171,51.373289,0.089119,1892.7267060837366,-1.0,-1.0
291,51.36379,0.095382,51.373289,0.089119,1893.476056439247,1935.4,2170.8
292,51.38334,0.116198,51.373289,0.089119,1902.1691255334642,1974,2416.5
293,51.362898,0.108847,51.382471,0.045073,1902.9009613903227,2048.2,2813.1
294,51.359077,0.110302,51.373289,0.089119,1904.7300598087584,2112.6,2649
295,51.362898,0.108847,51.382471,0.045073,1914.600510021848,2048.2,2813.2
296,51.408169,0.098927,51.373289,0.089119,1918.6060173589553,2252.9,2913.3
297,51.377739,0.116504,51.373289,0.089119,1921.840843863062,2124.4,2535.7
298,51.374589,0.107636,51.373289,0.089119,1926.5325379058902,2007,2246.1
299,51.376235,0.122352,51.373289,0.089119,1928.3239657510367,2026.6,2451.7
300,51.423072,0.10918,51.407821,0.073606,1930.5418608114414,2073.6,2667.3
301,51.387417,0.03888,51.373289,0.089119,1938.3379840508512,2131.4,2954.8
302,51.359199,0.085731,51.373289,0.089119,1942.380075775171,1972,2251.4
303,51.405357,0.089945,51.373289,0.089119,1944.585486611888,2139.8,2762.2
304,51.384597,0.103294,51.416012,0.117947,1947.8718392517821,2225.4,2749.6
305,51.36352,0.098566,51.373289,0.089119,1957.9649472152669,2070.0,2274
306,51.363579,0.098549,51.373289,0.089119,1961.7431609438402,2069.4,2274
307,51.401226,0.116967,51.373289,0.089119,1968.176764762435,2092.7,2674.3
308,51.371462,0.068718,51.373289,0.089119,1968.6972987988217,2033,2308.3
309,51.395533,0.12514,51.386682,0.0346,1995.2025152117667,2524.2,3813.1
310,51.363707,0.06882,51.373289,0.089119,2009.5510224787076,2314.1,2726.4
311,51.36714,0.120211,51.373289,0.089119,2013.7872174052807,2255.3,2616.1
312,51.366122,0.100181,51.373289,0.089119,2025.3198304440116,2189.2,2398.6
313,51.354732,0.101482,51.377414,0.100986,2034.0643338891,2234.7,2929.7
314,51.397793,0.09717,51.373289,0.089119,2041.4392486740016,2563.6,3120.8
315,51.361349,0.064287,51.373289,0.089119,2044.255135801499,2284.4,2579.3
316,51.417305,0.115911,51.373289,0.089119,2051.8253084592225,2154.3,2828.1
317,51.393375,0.071298,51.373289,0.089119,2056.412590280335,2166.5,2637.3
318,51.397662,0.122674,51.418611,0.089081,2066.100466418427,2621.8,3294.9
319,51.38593,0.101273,51.373289,0.089119,2084.0171795451215,2503.3,3019
320,51.374589,0.107636,51.373289,0.089119,2096.1440727812073,2195.3,2436.1
321,51.393354,0.125955,51.373289,0.089119,2098.048196915697,2603.7,3458.6
322,51.391474,0.048143,51.373289,0.089119,2115.329538974391,2301.1,2954.8
323,51.363475,0.098595,51.373289,0.089119,2125.005031745432,2280.8,2485.8
324,51.340601,0.110805,51.373289,0.089119,2126.2403044322646,2544.8,3209.1
325,51.363782,0.107029,51.373289,0.089119,2127.349848701997,2272.4,2649
326,51.312317,0.035579,51.373289,0.089119,2136.6282078695435,-1.0,-1.0
327,51.362608,0.097022,51.373289,0.089119,2136.8366520529803,2337.4,2789.8
328,51.417305,0.115911,51.373289,0.089119,2147.926227115653,2163.8,2828.1
329,51.371822,0.056715,51.373289,0.089119,2152.8647789758493,2380.9,2846.9
330,51.419125,0.07225,51.400319,0.108353,2155.706727850285,2494.2,3044.3
331,51.363602,0.096649,51.373289,0.089119,2161.9260224547156,2373.2,2629.2
332,51.386313,0.045252,51.373289,0.089119,2162.3032461606053,2275.1,2910.2
333,51.384008,0.078137,51.373289,0.089119,2179.261366800434,2332.1,2637.3
334,51.353215,0.095823,51.373289,0.089119,2181.639235020707,2299.9,2672.5
335,51.392942,0.09599,51.362432,0.095065,2184.030465679043,2582.2,3113.1
336,51.312317,0.035579,51.373289,0.089119,2188.827808753147,-1.0,-1.0
337,51.360806,0.10564,51.373289,0.089119,2196.6846069588346,2350,2649
338,51.359077,0.110302,51.373289,0.089119,2203.004484815744,2504.9,2864.1
339,51.375015,0.014733,51.373289,0.089119,2203.0415957657915,2607.4,3242.4
340,51.383258,0.08116,51.373289,0.089119,2205.4655433262515,2419.5,2954.6
341,51.379202,0.101517,51.373289,0.089119,2208.4547240738466,2304.9,2576.3
342,51.361702,0.097327,51.373289,0.089119,2213.549299233761,2373.3,2789.8
343,51.379926,0.08453,51.373289,0.089119,2236.0580918131423,2425.6,2725.8
344,51.387122,0.078479,51.373289,0.089119,2244.196568067701,2277.1,2637.3
345,51.38334,0.116198,51.373289,0.089119,2258.0018595938113,2696.9,3277
346,51.384008,0.078137,51.373289,0.089119,2298.1388005637195,2457.8,2926.2
347,51.361479,0.107549,51.373289,0.089119,2298.2809332803336,2319.6,2649
348,51.377208,0.078399,51.373289,0.089119,2303.3932647557886,2473.5,2761
349,51.386778,0.07701,51.373289,0.089119,2305.24057773321,2490.7,2926.2
350,51.308226,0.037141,51.373289,0.089119,2310.871688245211,-1.0,-1.0
351,51.389729,0.092299,51.373289,0.089119,2311.47647568584,2503.1,2913.3
352,51.306952,0.023171,51.373289,0.089119,2312.751244753267,-1.0,-1.0
353,51.38533,0.071763,51.366476,0.066757,2313.6606414631387,2636.1,2972.2
354,51.360806,0.10564,51.373289,0.089119,2324.6177216950928,2512.1,2808.1
355,51.397662,0.122674,51.418611,0.089081,2339.2680936294532,2621.8,3294.9
356,51.376122,0.017745,51.373289,0.089119,2343.30195022744,2567,3242.4
357,51.371822,0.056715,51.373289,0.089119,2355.125788222447,2380.9,2846.9
358,51.385857,0.066954,51.373289,0.089119,2357.87337471198,2515.1,2954.8
359,51.369828,0.089962,51.373289,0.089119,2358.5628533444974,2432.1,2577.8
360,51.387191,0.114103,51.366065,0.055464,2360.621392857343,2613.6,3274.4
361,51.386437,0.065909,51.373289,0.089119,2363.714971947286,2501.9,2954.8
362,51.387265,0.089019,51.373289,0.089119,2364.07351243321,2428.3,2762.2
363,51.391474,0.048143,51.373289,0.089119,2366.377467014437,2514.4,3449.3
364,51.363707,0.06882,51.373289,0.089119,2368.5684161521995,2495,2913.4
365,51.369828,0.089962,51.373289,0.089119,2373.2018435379173,2432.1,2577.8
366,51.36318,0.109239,51.373289,0.089119,2374.1062067793127,2542.2,2852.5
367,51.387278,0.089104,51.373289,0.089119,2376.4562304416995,2428,2762.2
368,51.369122,0.063625,51.373289,0.089119,2379.3590354726057,2520.6,2846.9
369,51.365175,0.038369,51.36752,0.076758,2379.694572097598,2688,3110.3
370,51.306689,0.036265,51.373289,0.089119,2381.9130188944446,-1.0,-1.0
371,51.411862,0.105866,51.362488,0.095046,2383.6770565069073,2624.6,4089.3
372,51.376235,0.122352,51.373289,0.089119,2392.978309807575,2687.5,3283.8
373,51.389666,0.120895,51.362571,0.095189,2397.9490904743334,2485.3,3647
374,51.387592,0.114488,51.373289,0.089119,2400.005293609893,2614.7,3037.6
375,51.354732,0.101482,51.377414,0.100986,2420.1499036280165,2701.9,3216.4
376,51.384597,0.103294,51.416012,0.117947,2426.391521417845,2705.4,3229.6
377,51.361702,0.097327,51.373289,0.089119,2428.0504766392837,2477.1,2789.8
378,51.386778,0.07701,51.373289,0.089119,2439.661146145488,2490.7,2926.2
379,51.408582,0.058203,51.373289,0.089119,2447.871438911947,2943.4,3711.2
380,51.36379,0.095382,51.373289,0.089119,2450.8768492084737,2554,2789.8
381,51.390716,0.105521,51.396915,0.106306,2455.4820161451166,2780,3048.2
382,51.38495,0.062738,51.373289,0.089119,2457.5301514172975,2827.8,3350.3
383,51.363579,0.098549,51.373289,0.089119,2468.4874652278895,2579.4,2803.4
384,51.383163,0.081111,51.373289,0.089119,2468.8807583863036,2548.6,2954.6
385,51.360806,0.10564,51.373289,0.089119,2474.4364749952915,2512.1,2808.1
386,51.377192,0.083283,51.373289,0.089119,2479.1386241031687,2554,2761
387,51.393125,0.075682,51.373289,0.089119,2479.5493275455956,2856.2000000000003,3289.6
388,51.394784,0.123207,51.373289,0.089119,2483.144041373883,2589.1,3171.1
389,51.371216,0.120965,51.373289,0.089119,2486.8693605094218,2829.6,3381.8
390,51.387122,0.078479,51.373289,0.089119,2491.0787025244003,2564.4,2926.2
391,51.38279,0.058729,51.365276,0.064394,2497.1619662787557,3028.5,3586.8
392,51.36714,0.120211,51.373289,0.089119,2497.852447006644,2795.8,3192.2
393,51.36714,0.120211,51.373289,0.089119,2500.4344390023066,2795.8,3192.2
394,51.372641,0.097814,51.373289,0.089119,2503.5080808588596,2552.3,2674.3
395,51.361349,0.064287,51.373289,0.089119,2512.636061049027,2618.2,2913.4
396,51.377192,0.083283,51.373289,0.089119,2516.4284834148057,2554,2761
397,51.362608,0.097022,51.373289,0.089119,2517.8545726334296,2694.9,2950.3
398,51.387417,0.03888,51.373289,0.089119,2532.642128633006,2689,3449.3
399,51.308226,0.037141,51.373289,0.089119,2534.698541237231,-1.0,-1.0
400,51.392692,0.076061,51.373289,0.089119,2558.709980600928,2853.3,3289.6
401,51.374589,0.107636,51.373289,0.089119,2559.7564292676548,2736.7,3019
402,51.365635,0.098214,51.373289,0.089119,2559.8028165017217,2617.9,2803.4
403,51.418051,0.077129,51.373289,0.089119,2562.901826298654,3126.9,3968.3
404,51.384008,0.078137,51.373289,0.089119,2568.933988410799,2643.3,2954.6
405,51.38495,0.062738,51.373289,0.089119,2571.5640781517704,2827.8,3350.3
406,51.378707,0.099396,51.373289,0.089119,2571.8254542090317,2730.4,2931.5
407,51.387592,0.114488,51.373289,0.089119,2573.573789148914,2614.7,3037.6
408,51.378707,0.099396,51.373289,0.089119,2575.1822740655825,2730.4,2931.5
409,51.386437,0.065909,51.373289,0.089119,2582.979579921221,2768.1,3350.3
410,51.369569,0.093063,51.373289,0.089119,2590.505253638308,2667.1,2780.1
411,51.362608,0.097022,51.373289,0.089119,2613.87786074203,2694.9,2950.3
412,51.332266,0.024189,51.373289,0.089119,2646.8208313558407,3176,4007.2
413,51.363579,0.098549,51.373289,0.089119,2653.7200028160214,2759.4,2962.7
414,51.387417,0.03888,51.373289,0.089119,2654.971622010915,2689,3449.3
415,51.366122,0.100181,51.373289,0.089119,2656.7782774403736,2821,3029.9
416,51.381592,0.103512,51.373289,0.089119,2662.4334246777626,2922.3,3226.6
417,51.38334,0.116198,51.373289,0.089119,2665.6796345955145,2696.9,3277
418,51.377192,0.083283,51.373289,0.089119,2669.6519283709295,2754.8,2966.4
419,51.359077,0.110302,51.373289,0.089119,2675.994193272472,2906.3,3333.9
420,51.387265,0.089019,51.373289,0.089119,2684.018355119867,2786.8,3120.8
421,51.395508,0.096271,51.373289,0.089119,2694.1592886076064,3132,3742.1
422,51.38334,0.116198,51.373289,0.089119,2700.165197103819,2754.4,3277
423,51.360921,0.075825,51.386599,0.034845,2712.791035395838,3080.4,3592.9
424,51.393354,0.125955,51.373289,0.089119,2714.6845302604297,2849,3458.6
425,51.36975,0.081367,51.373289,0.089119,2720.1897443361077,2791.5,2971.3
426,51.36318,0.109239,51.373289,0.089119,2733.5555293302596,3004.2,3315.5
427,51.374589,0.107636,51.373289,0.089119,2751.738234275412,2780.7,3019
428,51.381121,0.102078,51.407013,0.072698,2755.0841125192023,2953.3,3434.4
429,51.409601,0.053088,51.373289,0.089119,2757.363489906377,3001,3711.2
430,51.408169,0.098927,51.373289,0.089119,2757.535511409861,2811,3895.6
431,51.422627,0.107933,51.373289,0.089119,2758.5942566274903,3361.7,4400.1
432,51.311086,0.034008,51.373289,0.089119,2762.9171337067446,-1.0,-1.0
433,51.418293,0.128845,51.373289,0.089119,2767.068242138347,3112.4,3895.6
434,51.384917,0.082606,51.373289,0.089119,2770.361092444504,3091.9,3430.2
435,51.387592,0.114488,51.373289,0.089119,2771.025109562272,2854.1,3277
436,51.36714,0.120211,51.373289,0.089119,2807.3474660730626,2837.4,3192.2
437,51.312317,0.035579,51.373289,0.089119,2808.6571948805963,-1.0,-1.0
438,51.36318,0.109239,51.373289,0.089119,2812.6442748382615,3004.2999999999997,3315.5
439,51.383258,0.08116,51.373289,0.089119,2817.910686725574,3081.2,3413.4
440,51.376235,0.122352,51.373289,0.089119,2818.5914911161167,2958.5,3381.8
441,51.360806,0.10564,51.373289,0.089119,2820.462887914784,3037.8,3333.9
442,51.36352,0.098566,51.373289,0.089119,2823.48027358007,3000,3224.2
443,51.38334,0.116198,51.373289,0.089119,2826.7824989411147,3206.9,3673.1
444,51.359444,0.085241,51.373289,0.089119,2828.254766514612,2922.8999999999996,3209.1
445,51.389245,0.069895,51.373289,0.089119,2836.147730268873,2956.9,3350.3
446,51.312317,0.035579,51.373289,0.089119,2841.963622186008,-1.0,-1.0
447,51.375793,0.107093,51.373289,0.089119,2857.2078018831075,2991.7,3283.8
448,51.392836,0.096084,51.373289,0.089119,2866.901955120336,3309.2,3762.2
449,51.359199,0.085731,51.373289,0.089119,2873.1717149050123,2917.2,3209.1
450,51.405357,0.089945,51.373289,0.089119,2897.6927077820824,3340.2,4024.7
451,51.423072,0.10918,51.407821,0.073606,2906.3237039155692,3090.8,3524.3
452,51.363608,0.098554,51.373289,0.089119,2906.595786539574,2999,3224.2
453,51.362608,0.097022,51.373289,0.089119,2933.6272074680933,3109.1,3363.9
454,51.365635,0.098214,51.373289,0.089119,2933.7121193152875,3039.1,3224.2
455,51.362667,0.083672,51.373289,0.089119,2942.63669818572,3168.8,3423.8
456,51.383856,0.117846,51.373289,0.089119,2943.5499929709895,3243.7,3673.1
457,51.363608,0.098554,51.373289,0.089119,2947.4834863042392,2999,3224.2
458,51.387278,0.089104,51.373289,0.089119,2949.9785917381705,3147.2,3481.6
459,51.425058,0.106869,51.373289,0.089119,2956.315117123156,3441.6,4448.3
460,51.371741,0.042793,51.373289,0.089119,2956.966659433371,3008.8,3468.9
461,51.397793,0.09717,51.373289,0.089119,2968.999524022588,3212,3742.1
462,51.36318,0.109239,51.373289,0.089119,2975.354981173515,3004.3999999999996,3315.5
463,51.389245,0.069895,51.373289,0.089119,2983.6349512791935,3147.2,3665.8
464,51.403993,0.110542,51.373289,0.089119,2986.9604681220285,3464.4,4109.8
465,51.383856,0.117846,51.373289,0.089119,2994.924049748252,3243.7,3673.1
466,51.332266,0.024189,51.373289,0.089119,3008.6422741093165,3176,4007.2
467,51.354854,0.101794,51.373289,0.089119,3014.6438512551463,3311.1,3724.4
468,51.386154,0.060555,51.373289,0.089119,3023.814000750173,3295.7,3945.9
469,51.421269,0.067668,51.373289,0.089119,3026.7609693851127,3317.7,3968.3
470,51.363782,0.107029,51.373289,0.089119,3039.6579822490944,3224.4,3517.9
471,51.395508,0.096271,51.373289,0.089119,3042.961788010485,3132,3742.1
472,51.304181,0.039261,51.373289,0.089119,3050.562537840623,-1.0,-1.0
473,51.353215,0.095823,51.373289,0.089119,3050.601988225752,3309.8,3927.7
474,51.311086,0.034008,51.373289,0.089119,3057.22397647033,-1.0,-1.0
475,51.384597,0.103294,51.416012,0.117947,3099.8382620530056,3341,3864.6
476,51.385857,0.066954,51.373289,0.089119,3107.123939539052,3265.6,3705
477,51.371822,0.056715,51.373289,0.089119,3119.687904712432,3318.2,3709
478,51.377739,0.116504,51.373289,0.089119,3125.878798826881,3402.3,3774.7
479,51.359444,0.085241,51.373289,0.089119,3128.912876989904,3267,3554.6
480,51.386313,0.045252,51.373289,0.089119,3132.3076636228607,3566.7,4520.9
481,51.332266,0.024189,51.373289,0.089119,3147.2920086244676,3176,4007.2
482,51.392027,0.111732,51.373289,0.089119,3147.399566164777,3501.4,3895.6
483,51.401571,0.108879,51.373289,0.089119,3149.7658841125926,3539.9,4109.8
484,51.389729,0.092299,51.373289,0.089119,3155.975113941458,3209.9,3762.2
485,51.392991,0.054097,51.373289,0.089119,3156.5761381191196,3482.2,4245
486,51.360806,0.10564,51.373289,0.089119,3157.9905752527916,3294.7,3590.5
487,51.396666,0.103044,51.374848,0.115339,3162.3303279480397,3541.3,4033.4
488,51.304181,0.039261,51.373289,0.089119,3164.131352864905,-1.0,-1.0
489,51.384597,0.103294,51.416012,0.117947,3164.677370140328,3341,3864.6
490,51.383163,0.081111,51.373289,0.089119,3171.284274360969,3344.6,3683.9
491,51.381121,0.102078,51.407013,0.072698,3173.7202820235125,3377.2,3855.8
492,51.360806,0.10564,51.373289,0.089119,3174.671554106031,3294.7,3590.5
493,51.354747,0.101483,51.377317,0.100887,3182.9864357168076,3314.7,3981.3
494,51.411259,0.054505,51.373289,0.089119,3186.743730275171,3622.9,4656.3
495,51.35808,0.090973,51.373289,0.089119,3200.459381901888,3328.9,3709.1
496,51.37176,0.056793,51.373289,0.089119,3209.3156435850315,3318.2999999999997,3709
497,51.371822,0.056715,51.373289,0.089119,3213.474152738904,3318.2,3709
498,51.379926,0.08453,51.373289,0.089119,3215.4239543550025,3363.3,3665.8
499,51.405357,0.089945,51.373289,0.089119,3216.560643425005,3340.2,4024.7
500,51.408169,0.098927,51.373289,0.089119,3221.486821362992,3450.9,4024.7
501,51.426655,0.09816,51.418592,0.103199,3229.944430776153,3434.3,3610
502,51.371552,0.121628,51.376815,0.099875,3249.2869650764837,3596.4,3929.9
503,51.372859,0.1031,51.373289,0.089119,3255.269365366951,3369.3,3523
504,51.36714,0.120211,51.373289,0.089119,3259.798829362067,3548.6,3908.2
505,51.390716,0.105521,51.396915,0.106306,3263.9271415968587,3626.1,3898.5
506,51.394819,0.121873,51.373289,0.089119,3276.522853782657,3600.4,4156.9
507,51.379926,0.08453,51.373289,0.089119,3277.9978157892742,3363.3,3665.8
508,51.372546,0.087542,51.373289,0.089119,3279.2753752716303,3317.9,3413.4
509,51.312788,0.031036,51.373289,0.089119,3288.7840861313935,-1.0,-1.0
510,51.356318,0.099467,51.373289,0.089119,3294.035660003765,3395.8,3927.7
511,51.397662,0.122674,51.418611,0.089081,3300.6057144708416,3876.2,4401.2
512,51.386154,0.060555,51.373289,0.089119,3318.7815927122238,3364.6,3945.9
513,51.383175,0.080856,51.373289,0.089119,3320.2476629451817,3346.1,3683.9
514,51.383258,0.08116,51.373289,0.089119,3321.4219593874177,3349.1,3683.9
515,51.312317,0.035579,51.373289,0.089119,3335.084927510405,-1.0,-1.0
516,51.377192,0.083283,51.373289,0.089119,3336.7971602795915,3473.9,3686
517,51.393354,0.125955,51.373289,0.089119,3375.1360322376454,3891.5,4663.7
518,51.395508,0.096271,51.373289,0.089119,3390.3105267003825,3762,4284.2
519,51.394739,0.075845,51.373289,0.089119,3394.6365398612556,3740.7,4319.6
520,51.377192,0.083283,51.373289,0.089119,3395.3462655901017,3473.9,3686
521,51.362651,0.083601,51.373289,0.089119,3400.421700415672,3490,3749.3
522,51.392991,0.054097,51.373289,0.089119,3409.9805316493,3482.2,4245
523,51.359077,0.110302,51.373289,0.089119,3414.9252014267017,3566.3,3927.7
524,51.387122,0.078479,51.373289,0.089119,3431.0905219755514,3583.7,3945.9
525,51.387417,0.03888,51.373289,0.089119,3431.70781143535,3718.5,4461.4
526,51.362212,0.091756,51.373289,0.089119,3432.4083475455373,3503.5,3709.1
527,51.390716,0.105521,51.396915,0.106306,3438.515591331093,3626.1,3898.5
528,51.406868,0.076718,51.373289,0.089119,3443.2061935162433,3595,4698
529,51.368284,0.082987,51.373289,0.089119,3448.772201648707,3523.7,3744.3
530,51.392027,0.111732,51.373289,0.089119,3457.080193573856,3602.6,4164.3
531,51.359077,0.110302,51.373289,0.089119,3457.4644192136343,3566.3,3927.7
532,51.397737,0.051201,51.373289,0.089119,3459.1400946663075,3593.7,4245
533,51.423287,0.062658,51.373289,0.089119,3463.2581818693834,3864.2,4656.3
534,51.371741,0.042793,51.373289,0.089119,3466.628214754972,3540.9,4003.5
535,51.408582,0.058203,51.373289,0.089119,3471.1676753586908,3567.5,4656.3
536,51.387592,0.114488,51.373289,0.089119,3475.2227934152456,3783.4,4206.3
537,51.304181,0.039261,51.373289,0.089119,3477.9487393770605,-1.0,-1.0
538,51.312788,0.031036,51.373289,0.089119,3478.633636149059,-1.0,-1.0
539,51.423164,0.061406,51.407703,0.073603,3481.022055144049,3853,4059.3
540,51.38495,0.062738,51.373289,0.089119,3481.506822553483,3862.9,4666.2
541,51.377192,0.083283,51.373289,0.089119,3482.5486929409008,3592.5,3805.3
542,51.392836,0.096084,51.373289,0.089119,3487.761180912977,3874.6,4330.1
543,51.397793,0.09717,51.373289,0.089119,3508.301024030007,3606.2,4357.6
544,51.38408,0.115081,51.376816,0.099724,3515.1284659993357,3697.7,3980.3
545,51.360806,0.10564,51.373289,0.089119,3526.918636827409,3630.6,3926.4
546,51.368284,0.082987,51.373289,0.089119,3531.3681147168827,3558.8,3744.3
547,51.306543,0.046027,51.373289,0.089119,3537.19996791128,-1.0,-1.0
548,51.362608,0.097022,51.373289,0.089119,3547.4440373991356,3657.4,3912.3
549,51.422627,0.107933,51.373289,0.089119,3564.596877420489,3704.9,4448.3
550,51.392991,0.054097,51.373289,0.089119,3572.4262564073556,3701.7,4245
551,51.387592,0.114488,51.373289,0.089119,3574.7567287292172,3783.4,4206.3
552,51.398217,0.058386,51.373092,0.087254,3574.92875709803,3842.2,4398.1
553,51.4096,0.053079,51.373289,0.089119,3584.3227036618955,3811.4,4698
554,51.39042,0.069566,51.373289,0.089119,3592.5770980816424,3850.9,4303.6
555,51.371741,0.042793,51.373289,0.089119,3612.482480374588,3966.1,4592.8
556,51.362608,0.097022,51.373289,0.089119,3616.604212826112,3657.4,3912.3
557,51.377957,0.111321,51.373289,0.089119,3621.4206415258577,3694.7,4001
558,51.308226,0.037141,51.373289,0.089119,3643.426750105047,-1.0,-1.0
559,51.382804,0.058775,51.373289,0.089119,3646.860183712366,3958,4666.2
560,51.369828,0.089962,51.373289,0.089119,3650.2182456835217,3722.3,3867.9
561,51.393354,0.125955,51.373289,0.089119,3655.272453962039,3891.5,4663.7
562,51.390368,0.069627,51.373289,0.089119,3661.51496982294,3850.8,4303.6
563,51.356318,0.099467,51.373289,0.089119,3669.08639916251,3967.7,4695.9
564,51.36318,0.109239,51.373289,0.089119,3674.8786755553547,3849.7,4160.2
565,51.38334,0.116198,51.373289,0.089119,3685.36425101611,3737.6,4164.3
566,51.332266,0.024189,51.373289,0.089119,3701.7819271533326,-1.0,-1.0
567,51.374059,0.0399,51.373289,0.089119,3703.2826509333063,3848.6,4592.8
568,51.332266,0.024189,51.373289,0.089119,3706.894156397647,-1.0,-1.0
569,51.394739,0.075845,51.373289,0.089119,3707.6289507236693,3740.7,4319.6
570,51.36379,0.095382,51.373289,0.089119,3709.0548496080187,3781.6,4133
571,51.371822,0.056715,51.373289,0.089119,3714.484418741035,3891.6,4280.2
572,51.392592,0.0835,51.373289,0.089119,3732.1392941149775,3870.4,4319.6
573,51.391005,0.084979,51.373289,0.089119,3746.1587137966485,3978.4,4379.9
574,51.391474,0.048143,51.373289,0.089119,3756.9866152418476,3889.4,4461.4
575,51.375015,0.014733,51.373289,0.089119,3766.16155596943,4209.9,5072.2
576,51.389245,0.069895,51.373289,0.089119,3770.2415004506224,3903.9,4303.6
577,51.369122,0.063625,51.373289,0.089119,3784.0706733218503,3996.1,4321.2
578,51.377192,0.083283,51.373289,0.089119,3786.888811120046,3892.6,4105.3
579,51.394739,0.075845,51.373289,0.089119,3806.2205564286187,4124.6,4594.5
580,51.36379,0.095382,51.373289,0.089119,3815.9557735468293,3895.5,4133
581,51.392836,0.096084,51.373289,0.089119,3819.018563654357,3874.6,4330.1
582,51.392592,0.0835,51.373289,0.089119,3822.755594837602,3870.4,4319.6
583,51.394819,0.121873,51.373289,0.089119,3829.1552850155026,4166.3,4883.8
584,51.306952,0.023171,51.373289,0.089119,3847.0769333295416,-1.0,-1.0
585,51.361349,0.064287,51.373289,0.089119,3847.7160903071867,3997.9,4293.1
586,51.391431,0.048291,51.373289,0.089119,3850.5602237108496,3890.7000000000003,4461.4
587,51.387417,0.03888,51.373289,0.089119,3851.049086040601,3965.2,4864.5
588,51.362212,0.091756,51.373289,0.089119,3860.0065204672906,3967,4170.6
589,51.363608,0.098554,51.373289,0.089119,3862.1250756598297,3988.8,4196.3
590,51.421226,0.067638,51.373289,0.089119,3863.5423719839005,4073.1,-1.0
591,51.311086,0.034008,51.373289,0.089119,3864.0991154825174,-1.0,-1.0
592,51.394739,0.075845,51.373289,0.089119,3876.78246614553,4124.6,4594.5
593,51.409601,0.053088,51.373289,0.089119,3876.860015692558,3983.4,4698
594,51.372613,0.016006,51.373289,0.089119,3894.268624269553,4159.1,5072.2
595,51.377957,0.111321,51.373289,0.089119,3896.35783365044,3941.8,4357.6
596,51.384597,0.103294,51.416012,0.117947,3898.050430911966,4090.7,4614.6
597,51.369122,0.063625,51.373289,0.089119,3900.805460635312,3996.1,4321.2
598,51.384597,0.103294,51.416012,0.117947,3911.502608342719,4090.7,4614.6
599,51.386181,0.070901,51.373289,0.089119,3915.157054712266,4087.6,4862.4
600,51.359077,0.110302,51.373289,0.089119,3915.5967087188724,4057.5,4457.9
601,51.374262,0.105042,51.373289,0.089119,3932.628654592256,4051.5,4287.2
602,51.332266,0.024189,51.373289,0.089119,3944.197582026501,4496,5327.2
603,51.406061,0.092701,51.426083,0.102051,3947.777105256945,4130,4477.2
604,51.393354,0.125955,51.373289,0.089119,3956.117751896388,4028.6,4663.7
605,51.368738,0.055865,51.369416,0.035622,3961.754857150166,4085.1,4335.1
606,51.36352,0.098566,51.373289,0.089119,3969.9996428173044,3992.1,4196.3
607,51.383175,0.080856,51.373289,0.089119,3970.4430237171337,4067.7,4513.5
608,51.332266,0.024189,51.373289,0.089119,3978.3156874040683,4496,5327.2
609,51.392796,0.072216,51.367227,0.104178,3995.513609395407,4202.1,4752.9
610,51.377957,0.111321,51.373289,0.089119,4001.8011775577966,4055.2,4361.2
611,51.386437,0.065909,51.373289,0.089119,4002.311030884369,4103.2,4666.2
612,51.35808,0.090973,51.373289,0.089119,4013.4735639966575,4144.5,4551.9
613,51.39086,0.103895,51.407694,0.073487,4015.0571579749694,4255.5,4586.8
614,51.383856,0.117846,51.373289,0.089119,4017.744542447042,4293.8,4723.1
615,51.371216,0.120965,51.373289,0.089119,4019.9146777515234,4299.6,4924.9
616,51.387122,0.078479,51.373289,0.089119,4027.1009223070514,4147.9,4513.5
617,51.386313,0.045252,51.373289,0.089119,4029.3959486961994,4134.6,4864.5
618,51.402296,0.109148,51.373289,0.089119,4030.3764901126037,4508.8,-1.0
619,51.36714,0.120211,51.373289,0.089119,4031.8432664465677,4325.3,4686.1
620,51.371741,0.042793,51.373289,0.089119,4032.5247955573195,4136.1,4592.8
621,51.405357,0.089945,51.373289,0.089119,4034.950000004525,4435.8,4970.1
622,51.378707,0.099396,51.373289,0.089119,4046.7821261155855,4179.7,4377.7
623,51.405357,0.089945,51.373289,0.089119,4047.3022044078216,4435.8,4970.1
624,51.306952,0.023171,51.373289,0.089119,4047.902784580352,-1.0,-1.0
625,51.359077,0.110302,51.373289,0.089119,4050.7057015230316,4100,4457.9
626,51.356318,0.099467,51.373289,0.089119,4058.2595936032685,4171.1,4695.9
627,51.419111,0.075381,51.373289,0.089119,4068.598966502757,4288.4,-1.0
628,51.360921,0.075825,51.386599,0.034845,4078.046004506052,4400.4,4912.9
629,51.304181,0.039261,51.373289,0.089119,4078.905929754364,-1.0,-1.0
630,51.387592,0.114488,51.373289,0.089119,4086.4895011131703,4242.5,4663.7
631,51.363782,0.107029,51.373289,0.089119,4086.818826746387,4332.4,4626.3
632,51.306543,0.046027,51.373289,0.089119,4099.134953317649,-1.0,-1.0
633,51.391431,0.048291,51.373289,0.089119,4102.19520406977,4294.1,4864.5
634,51.377192,0.083283,51.373289,0.089119,4114.309942707728,4167.8,4377.6
635,51.361702,0.097327,51.373289,0.089119,4119.750384063793,4278.1,4629.1
636,51.374059,0.0399,51.373289,0.089119,4120.9563154079315,4446.2,5124.4
637,51.405671,0.048299,51.373289,0.089119,4128.724072452529,4637.7,-1.0
638,51.361349,0.064287,51.373289,0.089119,4130.385518089439,4355.3,4650.4
639,51.392836,0.096084,51.373289,0.089119,4142.236327230401,4557,5099.6
640,51.372859,0.1031,51.373289,0.089119,4142.854090022325,4203.1,4357.6
641,51.368284,0.082987,51.373289,0.089119,4144.40424986163,4273.9,4456.6
642,51.38593,0.101273,51.373289,0.089119,4144.881430552144,4573.3,5048.2
643,51.383856,0.117846,51.373289,0.089119,4159.615798806536,4293.8,4723.1
644,51.363707,0.06882,51.373289,0.089119,4163.225238654045,4503.7,4916.4
645,51.394784,0.123207,51.373289,0.089119,4164.4467615806525,4226.1,4883.8
646,51.359444,0.085241,51.373289,0.089119,4174.114797015806,4263.6,4551.9
647,51.426256,0.109774,51.373289,0.089119,4175.4564063152575,4579.5,-1.0
648,51.384597,0.103294,51.416012,0.117947,4181.768320173085,4505.7,5029.6
649,51.389245,0.069895,51.373289,0.089119,4188.035043664322,4309.7,4862.4
650,51.391474,0.048143,51.373289,0.089119,4193.433175134388,4292.8,4864.5
651,51.386181,0.070901,51.373289,0.089119,4198.010496349227,4263.9,4666.2
