199,51.377739,0.116504,51.373289,0.089119,601.0143400763872,822.3,1194.7
200,51.369569,0.093063,51.373289,0.089119,605.614242902993,656.7,769.8
201,51.386181,0.070901,51.373289,0.089119,611.5425039425508,820.8,1220.7
202,51.410224,0.107669,51.407785,0.07365,612.893619796445,635.1,1000.9
203,51.406868,0.076718,51.373289,0.089119,614.188833151437,694.3,1268.9
204,51.35808,0.090973,51.373289,0.089119,614.8210741327475,692.2,971.4
205,51.371822,0.056715,51.373289,0.089119,618.0638787544995,651.1,1161.1
206,51.426309,0.090386,51.373289,0.089119,620.5095568518154,903,1750.9
207,51.375793,0.107093,51.373289,0.089119,629.5321914652351,785.2,1098.8
208,51.393375,0.071298,51.373289,0.089119,632.9077387565306,921.1,1485.3
209,51.376122,0.017745,51.373289,0.089119,639.5960761062528,693.2,1288.1
210,51.401677,0.108956,51.373289,0.089119,642.583006701033,714.6,1716.6
211,51.366122,0.100181,51.373289,0.089119,648.6125991817373,720.4,929.5
212,51.383683,0.055719,51.373289,0.089119,657.4923275897061,708.6,1618.8
213,51.374059,0.0399,51.373289,0.089119,667.0327865018628,958.4,1844.6
214,51.374278,0.063239,51.372635,0.097794,669.0708533963956,818.4,1098.8
215,51.356318,0.099467,51.373289,0.089119,671.9827133800413,952.5,1641.6
216,51.401226,0.116967,51.373289,0.089119,677.7893783753669,1072.7,1644.2
217,51.377208,0.078399,51.373289,0.089119,678.4107837483187,736.2,975.4
218,51.366122,0.100181,51.373289,0.089119,680.6644109819571,720.4,929.5
219,51.363707,0.06882,51.373289,0.089119,685.5748758820166,963.9,1376.4
220,51.386154,0.060555,51.373289,0.089119,686.092432154457,783.6,1282.5
221,51.371741,0.042793,51.373289,0.089119,692.828562816863,1016.5,1473.2
222,51.386181,0.070901,51.373289,0.089119,698.455936354139,820.8,1220.7
223,51.401226,0.116967,51.373289,0.089119,700.8854753608083,1072.7,1644.2
224,51.387265,0.089019,51.373289,0.089119,706.679823518473,755.3,1087.1
225,51.371822,0.056715,51.373289,0.089119,707.7221447396512,773.8,1161.1
226,51.387592,0.114488,51.373289,0.089119,708.2187047458993,753.1,1366.8
227,51.395508,0.096271,51.373289,0.089119,713.4684866780384,795.3,1320.2
228,51.332266,0.024189,51.373289,0.089119,714.0767947795969,1152.9,2185
229,51.372859,0.1031,51.373289,0.089119,716.0842787763482,782,936.6
230,51.36318,0.109239,51.373289,0.089119,724.1360167182344,874.2,1302.3
231,51.369569,0.093063,51.373289,0.089119,728.2872382372652,776.7,889.8
232,51.377957,0.111321,51.373289,0.089119,736.235623370134,753.5,1194.7
233,51.384597,0.103294,51.416012,0.117947,736.5517949327266,777.4,1365.5
234,51.312788,0.031036,51.373289,0.089119,738.2389661545168,-1.0,-1.0
235,51.38678,0.079373,51.373289,0.089119,743.1625935968659,974.1,1455.6
236,51.363707,0.06882,51.373289,0.089119,743.3957469223614,963.9,1376.4
237,51.371741,0.042793,51.373289,0.089119,752.8000255749265,1016.5,1473.2
238,51.383258,0.08116,51.373289,0.089119,756.5475469618785,952.0,1286
239,51.363782,0.107029,51.373289,0.089119,759.4375371357647,852.2,1146.1
240,51.387265,0.089019,51.373289,0.089119,774.8450217113168,813.6,1146.1
241,51.400292,0.10827,51.41914,0.072061,776.0987667162426,922.1,1325
242,51.35808,0.090973,51.373289,0.089119,779.4888732537822,949.9,1231.2
243,51.426655,0.09816,51.418592,0.103199,781.7765127076377,932.8,1112.3
244,51.397793,0.09717,51.373289,0.089119,781.8224704646497,1116.2,1670.3
245,51.378707,0.099396,51.373289,0.089119,782.043746452898,910.7,1108.3
246,51.360806,0.10564,51.373289,0.089119,782.058461954558,982.1,1344.3
247,51.391005,0.084979,51.373289,0.089119,785.1031385254585,855,1252.1
248,51.389245,0.069895,51.373289,0.089119,787.2397568708967,917.8,1347
249,51.359077,0.110302,51.373289,0.089119,788.59435129561,1067.3,1452
250,51.306689,0.036265,51.373289,0.089119,789.8638594868776,-1.0,-1.0
251,51.378707,0.099396,51.373289,0.089119,797.1178450289863,910.7,1108.3
252,51.401988,0.103609,51.381191,0.104231,798.7008379598509,1187.6,1604.1
253,51.374589,0.107636,51.373289,0.089119,799.8973191546307,860.3,1098.8
254,51.38571,0.060957,51.381513,0.079601,801.0548877137138,810.7,1031.1
255,51.387191,0.114103,51.366065,0.055464,801.1250923231767,852.4,1743.1
256,51.392942,0.09599,51.362432,0.095065,802.8909880555345,1052.2,1583.1
257,51.383163,0.081111,51.373289,0.089119,804.2632223879908,947.5,1286
258,51.384597,0.103294,51.416012,0.117947,805.4471117825166,835.7,1365.5
259,51.392027,0.111732,51.373289,0.089119,810.5928460802697,940.7,1337.5
260,51.384917,0.082606,51.373289,0.089119,816.7179680208804,1011.1,1357.4
261,51.394739,0.075845,51.373289,0.089119,817.9996099746884,1003.2,1485.3
262,51.39042,0.069566,51.373289,0.089119,821.6038907185164,1130.2,1762
263,51.358061,0.09107,51.373289,0.089119,823.3482962764116,950.0,1231.2
264,51.378707,0.099396,51.373289,0.089119,824.4593011544918,910.7,1108.3
265,51.36714,0.120211,51.373289,0.089119,832.825682931717,1082.3,1435.8
266,51.352513,0.091851,51.373289,0.089119,833.7767499109573,1061,1431.8
267,51.394784,0.123207,51.373289,0.089119,842.4720009231526,1338.5,1994
268,51.38334,0.116198,51.373289,0.089119,858.6941983881252,929.4,1366.8
269,51.36283,0.069857,51.373915,0.09662,861.6790905356689,1038.3,1342.3
270,51.38334,0.116198,51.373289,0.089119,868.659125402107,1166.9,1687.9
271,51.362212,0.091756,51.373289,0.089119,871.3597067274204,960,1164
272,51.332266,0.024189,51.373289,0.089119,875.5158736025774,1152.9,2185
273,51.386437,0.065909,51.373289,0.089119,879.487181146229,1208.1,1766.1
274,51.383856,0.117846,51.373289,0.089119,880.2597510697278,1205.6,1634.2
275,51.369122,0.063625,51.373289,0.089119,881.4606385980418,1086.1,1411.2
276,51.371741,0.042793,51.373289,0.089119,881.6753589166117,1016.5,1473.2
277,51.422324,0.109729,51.373289,0.089119,887.8112307731927,974.6,1701
278,51.38495,0.062738,51.373289,0.089119,889.1637179536086,1269.7,2059.8
279,51.395533,0.12514,51.386682,0.0346,891.3998947463868,1086.1,2312.7
280,51.369122,0.063625,51.373289,0.089119,891.5922779768727,1086.1,1411.2
281,51.361479,0.107549,51.373289,0.089119,911.393610886132,1017.5,1344.3
282,51.362898,0.108847,51.382471,0.045073,911.7583504840444,990.1,1864.8
283,51.359077,0.110302,51.373289,0.089119,912.6699546578906,1067.3,1452
284,51.362898,0.108847,51.382471,0.045073,917.5892873309182,990.1,1864.8999999999999
285,51.408169,0.098927,51.373289,0.089119,919.585591723331,1201.8,1862.4
286,51.377739,0.116504,51.373289,0.089119,921.1977965741415,1182.3,1554.7
287,51.397737,0.051201,51.373289,0.089119,921.827819820824,1277.6,1933.5
288,51.363602,0.096649,51.373289,0.089119,925.1421403124992,1053.2,1383.9
289,51.38593,0.101273,51.373289,0.089119,927.480433227054,1273.3,1748.2
290,51.376235,0.122352,51.373289,0.089119,928.3732627677282,1263.7,1689.3
291,51.314016,0.026048,51.369433,0.035627,929.4786392602336,-1.0,-1.0
292,51.36714,0.120211,51.373289,0.089119,933.364148324827,1082.3,1435.8
293,51.36352,0.098566,51.373289,0.089119,940.0486597783031,1075.1,1279.4
294,51.401677,0.108956,51.373289,0.089119,940.826337762771,1061.2,1631
295,51.36352,0.098566,51.373289,0.089119,942.709361316854,1075.1,1279.4
296,51.393354,0.125955,51.373289,0.089119,945.9158044665451,1103.6,1716.6
297,51.367592,0.072076,51.373289,0.089119,946.1752333717458,1107,1407.3
298,51.36283,0.069857,51.373915,0.09662,959.3851654711907,1038.3,1342.3
299,51.374951,0.014687,51.373289,0.089119,959.4464962032424,1206.5,1844.6
300,51.372546,0.087542,51.373289,0.089119,960.0000199807462,997.8,1095.3
301,51.360806,0.10564,51.373289,0.089119,962.1112967372986,1048.5,1344.3
302,51.361349,0.064287,51.373289,0.089119,973.2540951388995,1127.5,1428.2
303,51.359199,0.085731,51.373289,0.089119,974.2845907794439,1161.2,1442.3
304,51.366122,0.100181,51.373289,0.089119,980.0323286132841,1113.2,1321.6
305,51.371552,0.121628,51.376815,0.099875,984.3905007916694,1316.4,1756.3
306,51.397793,0.09717,51.373289,0.089119,988.0660838176643,1116.2,1670.3
307,51.361349,0.064287,51.373289,0.089119,989.4694935153784,1127.5,1428.2
308,51.417305,0.115911,51.373289,0.089119,993.2423910926555,1040.1,1701
309,51.38593,0.101273,51.373289,0.089119,999.2863121733251,1273.3,1748.2
310,51.393354,0.125955,51.373289,0.089119,1000.2353084061286,1103.6,1716.6
311,51.391474,0.048143,51.373289,0.089119,1008.8481547087583,1562.3,2134.2
312,51.417305,0.115911,51.373289,0.089119,1012.7984667711694,1040.1,1701
313,51.38678,0.079373,51.373289,0.089119,1015.2562622851165,1068.4,1455.6
314,51.36379,0.095382,51.373289,0.089119,1020.0784301385243,1083.4,1383.9
315,51.359199,0.085731,51.373289,0.089119,1020.6940775666804,1161.2,1442.3
316,51.363782,0.107029,51.373289,0.089119,1021.2470632218866,1214.7,1566.5
317,51.312317,0.035579,51.373289,0.089119,1025.8713036992324,-1.0,-1.0
318,51.374262,0.105042,51.373289,0.089119,1026.129289367337,1229.9,1529.1
319,51.383163,0.081111,51.373289,0.089119,1026.233175842619,1156.9,1495.5
320,51.417305,0.115911,51.373289,0.089119,1031.7601080248462,1087.3,1750.9
321,51.371822,0.056715,51.373289,0.089119,1034.2214323817723,1221.6,1696.5
322,51.367544,0.096128,51.365274,0.064172,1035.6378309908798,1073.6,1403.1
323,51.411259,0.054505,51.373289,0.089119,1038.737464593224,1473.1,2295.7
324,51.419111,0.075381,51.373289,0.089119,1038.8693365607753,1520,2527.2
325,51.393442,0.034359,51.373289,0.089119,1042.6029111344126,1587.9,2485.6
326,51.359077,0.110302,51.373289,0.089119,1043.6387157703016,1067.3,1452
327,51.386313,0.045252,51.373289,0.089119,1043.826720254531,1651.7,2397.3
328,51.384008,0.078137,51.373289,0.089119,1052.2784762672427,1145.6,1455.6
329,51.389065,0.076755,51.407709,0.073591,1053.4702414706878,1345.4,1669.4
330,51.312317,0.035579,51.373289,0.089119,1055.8611887951438,-1.0,-1.0
331,51.362608,0.097022,51.373289,0.089119,1059.77693764998,1115.9,1383.9
332,51.383683,0.055719,51.373289,0.089119,1060.0230386156534,1402.9,2059.8
333,51.395533,0.12514,51.386682,0.0346,1065.0572052898847,1086.1999999999998,2312.7
334,51.359077,0.110302,51.373289,0.089119,1068.206968569153,1091.1,1452
335,51.397737,0.051201,51.373289,0.089119,1068.2254642917549,1277.6,1933.5
336,51.383258,0.08116,51.373289,0.089119,1069.433535268706,1161.4,1495.5
337,51.391431,0.048291,51.373289,0.089119,1070.9233127560317,1561,2134.2
338,51.361702,0.097327,51.373289,0.089119,1073.46239754936,1252.9,1554.7
339,51.354854,0.101794,51.373289,0.089119,1084.680552382795,1210.1,1641.6
340,51.383258,0.08116,51.373289,0.089119,1085.1910212834468,1161.4,1495.5
341,51.409601,0.053088,51.373289,0.089119,1087.6327229464612,1546.3,2295.7
342,51.366122,0.100181,51.373289,0.089119,1090.5569824629508,1113.2,1321.6
343,51.384008,0.078137,51.373289,0.089119,1110.5608283712968,1145.6,1455.6
344,51.362667,0.083672,51.373289,0.089119,1112.6872015081196,1209.4,1468.7
345,51.384597,0.103294,51.416012,0.117947,1115.471789892113,1361,1884.6
346,51.401677,0.108956,51.373289,0.089119,1118.3947020768371,1318.1,1888.8
347,51.372465,0.078545,51.375813,0.100675,1118.6961220275682,1191.4,1407.4
348,51.405966,0.064753,51.373289,0.089119,1119.331454052813,1218,2134.2
349,51.395533,0.12514,51.386682,0.0346,1119.7846881861133,1199.3,2312.7
350,51.362608,0.097022,51.373289,0.089119,1125.2455862831985,1236.8,1535.9
351,51.356958,0.138095,51.365711,0.059512,1132.5471836544236,1492.2,2260.7
352,51.376122,0.017745,51.373289,0.089119,1134.5576170320692,1161.8,1844.6
353,51.36379,0.095382,51.373289,0.089119,1136.3592557679992,1149.3,1383.9
354,51.359176,0.085596,51.36659,0.066972,1137.6079922912236,1162.1000000000001,1714.1
355,51.384008,0.078137,51.373289,0.089119,1143.7660314295144,1174.7,1485.3
356,51.372859,0.1031,51.373289,0.089119,1144.1096606147162,1209.3,1369.8
357,51.373184,0.065185,51.375196,0.098807,1145.1356159121583,1313,1656.3
358,51.381592,0.103512,51.373289,0.089119,1146.677424478658,1381.8,1691.6
359,51.387278,0.089104,51.373289,0.089119,1146.8561174347979,1339.1,1670.3
360,51.391474,0.048143,51.373289,0.089119,1148.0043851230914,1562.3,2134.2
361,51.423287,0.062658,51.373289,0.089119,1149.0963320399649,1721.8,2660.7
362,51.372859,0.1031,51.373289,0.089119,1151.4055854412368,1209.3,1369.8
363,51.312317,0.035579,51.373289,0.089119,1152.6096470776754,-1.0,-1.0
364,51.36318,0.109239,51.373289,0.089119,1153.0603725811363,1251,1566.5
365,51.387278,0.089104,51.373289,0.089119,1154.2316006340811,1339.1,1670.3
366,51.36714,0.120211,51.373289,0.089119,1155.678329336793,1415.3,1916.6
367,51.362882,0.108944,51.367496,0.076858,1155.845557401034,1255,1775.9
368,51.308226,0.037141,51.373289,0.089119,1156.9512088734084,-1.0,-1.0
369,51.360921,0.075825,51.386599,0.034845,1157.8303873988143,1490.4,2002.9
370,51.376235,0.122352,51.373289,0.089119,1162.4660380808268,1263.7,1689.3
371,51.384597,0.103294,51.416012,0.117947,1164.9434249493618,1361,1884.6
372,51.387592,0.114488,51.373289,0.089119,1165.9682158199673,1265.2,1687.9
373,51.411243,0.054439,51.373289,0.089119,1166.8758424289624,1473.1999999999998,2295.7
374,51.308226,0.037141,51.373289,0.089119,1169.2617145926001,-1.0,-1.0
375,51.374059,0.0399,51.373289,0.089119,1176.4126378142812,1605,2180.3
376,51.387278,0.089104,51.373289,0.089119,1176.809567709802,1377.2,1711.6
377,51.379202,0.101517,51.373289,0.089119,1180.901494682657,1214.5,1483.3
378,51.36379,0.095382,51.373289,0.089119,1182.3993608132162,1277.8,1512.6
379,51.384597,0.103294,51.416012,0.117947,1184.6945294921616,1361,1884.6
380,51.38495,0.062738,51.373289,0.089119,1185.7152994211622,1267.8,1766.1
381,51.36352,0.098566,51.373289,0.089119,1191.1763139314808,1290,1514.2
382,51.387592,0.114488,51.373289,0.089119,1195.9332028151553,1265.2,1687.9
383,51.36975,0.081367,51.373289,0.089119,1199.197185337688,1290.8,1470.6
384,51.393375,0.071298,51.373289,0.089119,1199.393198674719,1611.4,2224.7
385,51.409062,0.062033,51.373289,0.089119,1202.1621117077266,1404.6,2295.7
386,51.393125,0.075682,51.373289,0.089119,1202.3668021544274,1329.9,1762
387,51.401677,0.108956,51.373289,0.089119,1204.1583712119589,1318.1,1888.8
388,51.394784,0.123207,51.373289,0.089119,1206.0150326352248,1338.5,1994
389,51.387122,0.078479,51.373289,0.089119,1208.1129261719118,1487.2,1847.5
390,51.362882,0.108944,51.367496,0.076858,1214.5149335677802,1255,1775.9
391,51.362913,0.069291,51.377894,0.101348,1217.5467707686569,1500.3,1873.7
392,51.360806,0.10564,51.373289,0.089119,1217.890899388068,1404.2,1711.8
393,51.360806,0.10564,51.373289,0.089119,1219.177738114929,1404.2,1711.8
394,51.372641,0.097814,51.373289,0.089119,1220.709610165717,1249.5,1369.8
395,51.363441,0.110437,51.373289,0.089119,1225.2589032798944,1435.4,1841.9
396,51.392991,0.054097,51.373289,0.089119,1227.1490082752223,1387.3,1933.5
397,51.420579,0.061099,51.373289,0.089119,1227.8597567351585,1755.3,2583.3
398,51.369122,0.063625,51.373289,0.089119,1235.2297252586277,1367.9,1696.5
399,51.392692,0.076061,51.373289,0.089119,1247.19678406934,1327,1762
400,51.363602,0.096649,51.373289,0.089119,1251.5935079127394,1283.2,1535.9
401,51.38593,0.101273,51.373289,0.089119,1252.1150473568116,1273.3,1748.2
402,51.332266,0.024189,51.373289,0.089119,1252.138166285658,1356.1,2185
403,51.418051,0.077129,51.373289,0.089119,1253.6826814616593,1488.7,2527.2
404,51.387122,0.078479,51.373289,0.089119,1256.6890501202965,1487.2,1847.5
405,51.38495,0.062738,51.373289,0.089119,1257.999860277527,1267.8,1766.1
406,51.374262,0.105042,51.373289,0.089119,1258.130127463995,1293.4,1529.1
407,51.387592,0.114488,51.373289,0.089119,1259.0014799360183,1265.2,1687.9
408,51.374262,0.105042,51.373289,0.089119,1259.8031325692637,1293.4,1529.1
409,51.381592,0.103512,51.373289,0.089119,1263.6892310378385,1381.8,1691.6
410,51.313766,0.024346,51.373289,0.089119,1264.0145445228584,-1.0,-1.0
411,51.369569,0.093063,51.373289,0.089119,1267.765264277659,1319.5,1431.8
412,51.383163,0.081111,51.373289,0.089119,1279.4139355436057,1447.1,1774.8
413,51.365635,0.098214,51.373289,0.089119,1284.5634073620438,1329.1,1514.2
414,51.369122,0.063625,51.373289,0.089119,1300.9818511197757,1367.9,1696.5
415,51.435428,0.115935,51.373289,0.089119,1303.800319373511,-1.0,-1.0
416,51.38334,0.116198,51.373289,0.089119,1305.418197602685,1514,1940.8
417,51.38678,0.079373,51.373289,0.089119,1307.3979486914802,1518.6,2127.5
418,51.359077,0.110302,51.373289,0.089119,1310.5588694476355,1597.4,2023.9
419,51.396677,0.113421,51.375202,0.099462,1311.7285573932672,1343,1786
420,51.387265,0.089019,51.373289,0.089119,1315.7277185963908,1376.9,1711.6
421,51.393354,0.125955,51.373289,0.089119,1320.78185740103,1837.5,2528.6
422,51.38334,0.116198,51.373289,0.089119,1323.7751415227058,1514,1940.8
423,51.373184,0.065185,51.375196,0.098807,1326.8159092208487,1383.8,1656.3
424,51.419125,0.07225,51.400319,0.108353,1333.108499476957,1371.8,2207.4
425,51.374059,0.0399,51.373289,0.089119,1334.052198189022,1605,2180.3
426,51.374951,0.014687,51.373289,0.089119,1336.795941269614,1854.0,2488.8
427,51.374951,0.014687,51.373289,0.089119,1343.4573134869825,1854.0,2488.8
428,51.359444,0.085241,51.373289,0.089119,1345.1268754189068,1616.9,1904.6
429,51.312788,0.031036,51.373289,0.089119,1347.4450095571171,-1.0,-1.0
430,51.38593,0.101273,51.373289,0.089119,1356.5070860166172,1731.9,2337.8
431,51.393921,0.105288,51.373289,0.089119,1356.838025440085,1743.2,2473.9
432,51.360806,0.10564,51.373289,0.089119,1374.9407209896688,1404.2,1711.8
433,51.411862,0.105866,51.362488,0.095046,1377.6440283616553,1938,2950.1
434,51.391474,0.048143,51.373289,0.089119,1381.6346833997952,1502.7,2397.3
435,51.362608,0.097022,51.373289,0.089119,1382.5673686590424,1497.4,1752.3
436,51.362212,0.091756,51.373289,0.089119,1383.8465160618093,1436.6,1641.6
437,51.360806,0.10564,51.373289,0.089119,1383.949704140167,1415.8,1711.8
438,51.421226,0.067638,51.373289,0.089119,1387.862631867098,1492.3,2799.3
439,51.363475,0.098595,51.373289,0.089119,1389.366466400469,1489.0,1694.4
440,51.38334,0.116198,51.373289,0.089119,1391.0122621607015,1514,1940.8
441,51.392027,0.111732,51.373289,0.089119,1391.746025446204,1495,1888.8
442,51.389245,0.069895,51.373289,0.089119,1395.6797988450978,1533.7,1933.5
443,51.312317,0.035579,51.373289,0.089119,1398.578380623345,-1.0,-1.0
444,51.395508,0.096271,51.373289,0.089119,1406.17592578476,1752,2420.2
445,51.421544,0.060143,51.382413,0.045041,1409.19300340566,1868.8,2585.7
446,51.384008,0.078137,51.373289,0.089119,1411.5248545095499,1456.3,1762
447,51.365635,0.098214,51.373289,0.089119,1423.7458696437204,1448.8,1694.4
448,51.360806,0.10564,51.373289,0.089119,1424.8835938105299,1612.1,2077.1
449,51.377192,0.083283,51.373289,0.089119,1426.1537671574192,1524.8,1754.2
450,51.314016,0.026048,51.369433,0.035627,1430.455368438375,-1.0,-1.0
451,51.363579,0.098549,51.373289,0.089119,1430.5909716695483,1487.6,1694.4
452,51.391005,0.084979,51.373289,0.089119,1444.0631587837368,1623,2127.5
453,51.354732,0.101482,51.377414,0.100986,1444.6478506479102,1784.8,2293.6
454,51.362212,0.091756,51.373289,0.089119,1445.1284516343978,1612.6,1818.5
455,51.353215,0.095823,51.373289,0.089119,1449.19298841535,1747.7,2224.7
456,51.392836,0.096084,51.373289,0.089119,1450.639696942771,1800.3,2347.4
457,51.423164,0.061406,51.407703,0.073603,1452.3516070376118,1710.6,1918.7
458,51.426256,0.109774,51.373289,0.089119,1452.8067839323116,2040.2,2958.3
459,51.363579,0.098549,51.373289,0.089119,1454.7671972727012,1487.6,1694.4
460,51.387278,0.089104,51.373289,0.089119,1456.0107326149403,1528.2,1862.4
461,51.315575,0.034027,51.373289,0.089119,1459.1687928540255,-1.0,-1.0
462,51.36318,0.109239,51.373289,0.089119,1459.4935149594316,1532.6,1841.9
463,51.397793,0.09717,51.373289,0.089119,1465.4905731123972,2043.3,2828.1
464,51.36975,0.081367,51.373289,0.089119,1468.6580687523754,1531.6,1711.4
465,51.36714,0.120211,51.373289,0.089119,1471.8239341884494,1564.3,1916.6
466,51.36318,0.109239,51.373289,0.089119,1473.6575335369193,1532.6999999999998,1841.9
467,51.391431,0.048291,51.373289,0.089119,1476.0899781479723,1914.3,2485.6
468,51.389245,0.069895,51.373289,0.089119,1480.2166316028004,1666.1,2059.8
469,51.418293,0.128845,51.373289,0.089119,1481.874035602262,2091.3,3189.9
470,51.383856,0.117846,51.373289,0.089119,1485.8430042351467,1767.3,2236.9
471,51.369122,0.063625,51.373289,0.089119,1492.6800286725743,1599.2,2120.2
472,51.356958,0.138095,51.365711,0.059512,1496.0229009900224,1508.1,2260.7
473,51.395533,0.12514,51.386682,0.0346,1497.1808438635887,1929.7,3297.1
474,51.371552,0.121628,51.376815,0.099875,1501.2965653144524,1856.4,2273.7
475,51.386154,0.060555,51.373289,0.089119,1505.0847022455641,1559.4,2059.8
476,51.352513,0.091851,51.373289,0.089119,1505.104363918977,1791.8,2126.6
477,51.305445,0.020836,51.373289,0.089119,1508.4046959634825,-1.0,-1.0
478,51.421544,0.060143,51.382413,0.045041,1529.6432254002225,1868.8,2585.7
479,51.363707,0.06882,51.373289,0.089119,1532.6988408044658,1845.2,2269.2
480,51.410224,0.107669,51.407785,0.07365,1535.8884704673617,2043.2,2678.3
481,51.392027,0.111732,51.373289,0.089119,1537.4006243729743,1597.4,1994
482,51.386313,0.045252,51.373289,0.089119,1539.0925517360558,1933.5,2733.5
483,51.387417,0.03888,51.373289,0.089119,1546.560597910137,1744,2485.6
484,51.363707,0.06882,51.373289,0.089119,1546.61420350166,1845.2,2269.2
485,51.403993,0.110542,51.373289,0.089119,1547.793552461855,1934.4,2695
486,51.305112,0.020112,51.392665,0.034982,1550.8881698817338,-1.0,-1.0
487,51.392592,0.0835,51.373289,0.089119,1554.5330265724476,1907,2517.1
488,51.394739,0.075845,51.373289,0.089119,1554.6390670113512,1693.4,2224.7
489,51.374059,0.0399,51.373289,0.089119,1556.7871730303357,1605,2180.3
490,51.375793,0.107093,51.373289,0.089119,1557.086717408821,1775.2,2073.8
491,51.409062,0.062033,51.373289,0.089119,1557.7916585873286,1887.7,2527.2
492,51.396666,0.103044,51.374848,0.115339,1559.9545474896283,2003.1,2564.9
493,51.386154,0.060555,51.373289,0.089119,1560.8521601138957,1960.4,2460
494,51.362608,0.097022,51.373289,0.089119,1561.3262645098905,1707.4,2091.4
495,51.389065,0.076755,51.407709,0.073591,1565.4703175061768,1867.4,2443.3
496,51.419111,0.075381,51.373289,0.089119,1567.3429151571565,1669.7,2527.2
497,51.358061,0.09107,51.373289,0.089119,1574.1786573697755,1760,2041.2
498,51.37176,0.056793,51.373289,0.089119,1578.5925287250045,1731.1,2120.2
499,51.371822,0.056715,51.373289,0.089119,1580.6650876772396,1731,2120.2
500,51.38678,0.079373,51.373289,0.089119,1585.9491854578364,1742.2,2127.5
501,51.359444,0.085241,51.373289,0.089119,1589.2445518095587,1616.9,1904.6
502,51.354854,0.101794,51.373289,0.089119,1590.2163132377532,1819,2224.7
503,51.408169,0.098927,51.373289,0.089119,1592.671470556854,2042.9,2703.3
504,51.354747,0.101483,51.377317,0.100887,1596.8866576479852,1784.7,2293.6
505,51.419125,0.07225,51.400319,0.108353,1606.5267813412884,1741.3,2207.4
506,51.371741,0.042793,51.373289,0.089119,1607.3185204863391,1720.6,2180.3
507,51.36318,0.109239,51.373289,0.089119,1613.8799915228055,1709.3,2077.1
508,51.422627,0.107933,51.373289,0.089119,1615.0285422243003,2114.6,2958.3
509,51.383856,0.117846,51.373289,0.089119,1615.3325071386587,1767.3,2236.9
510,51.366691,0.082858,51.373289,0.089119,1618.3140750080754,1659.4,1817.1
511,51.360806,0.10564,51.373289,0.089119,1620.5715141057292,1727.5,2023.9
512,51.383856,0.117846,51.373289,0.089119,1626.849089814837,1767.3,2236.9
513,51.312788,0.031036,51.373289,0.089119,1627.5449721108594,-1.0,-1.0
514,51.354854,0.101794,51.373289,0.089119,1628.280078274609,1819,2224.7
515,51.372546,0.087542,51.373289,0.089119,1628.916801014465,1655.7,1754.2
516,51.311086,0.034008,51.373289,0.089119,1633.6558464481545,-1.0,-1.0
517,51.377192,0.083283,51.373289,0.089119,1636.2731778137404,1733.6,1945.8
518,51.356958,0.138095,51.365711,0.059512,1639.5476265881844,1998.8,2746.8
519,51.392796,0.072216,51.367227,0.104178,1645.3860678460069,1796.8,2469.9
520,51.36318,0.109239,51.373289,0.089119,1650.6024893296055,1709.3999999999999,2077.1
521,51.383175,0.080856,51.373289,0.089119,1651.3331639231897,1838.6,2173.5
522,51.422627,0.107933,51.373289,0.089119,1651.9184214070328,2114.6,2958.3
523,51.312317,0.035579,51.373289,0.089119,1658.7279066936119,-1.0,-1.0
524,51.372859,0.1031,51.373289,0.089119,1658.772013837514,1750.8,1904.1
525,51.377192,0.083283,51.373289,0.089119,1659.6253733523736,1733.6,1945.8
526,51.374059,0.0399,51.373289,0.089119,1678.7330798296484,1968.3,2514.5
527,51.361349,0.064287,51.373289,0.089119,1682.6144588265788,1841.7,2140.1
528,51.312317,0.035579,51.373289,0.089119,1686.550538863737,-1.0,-1.0
529,51.385857,0.066954,51.373289,0.089119,1687.4968877449332,1880.3,2460
530,51.394739,0.075845,51.373289,0.089119,1689.6529290020999,1724.2,2224.7
531,51.377192,0.083283,51.373289,0.089119,1690.0066491355717,1733.6,1945.8
532,51.38674,0.0711,51.373289,0.089119,1692.5361945796224,2005,2416.3
533,51.375793,0.107093,51.373289,0.089119,1697.3002195013205,1775.2,2073.8
534,51.366122,0.100181,51.373289,0.089119,1699.7645929663777,1798.5,2008.1
535,51.387122,0.078479,51.373289,0.089119,1707.8212254227635,1715.5,2127.5
536,51.395508,0.096271,51.373289,0.089119,1708.181317078548,1752,2420.2
537,51.369569,0.093063,51.373289,0.089119,1715.4742652318537,1779.9,1892.3
538,51.38334,0.116198,51.373289,0.089119,1718.9800617312922,1800.1,2236.9
539,51.352513,0.091851,51.373289,0.089119,1721.8529699569888,1791.8,2126.6
540,51.391431,0.048291,51.373289,0.089119,1721.8943767269532,1914.3,2485.6
541,51.366691,0.082858,51.373289,0.089119,1723.8122466395253,1777.6,1989.1
542,51.359077,0.110302,51.373289,0.089119,1724.0037408168698,2009.7,2427.7
543,51.386437,0.065909,51.373289,0.089119,1724.838880534488,1893.5,2460
544,51.385857,0.066954,51.373289,0.089119,1726.8912935947963,1880.3,2460
545,51.36318,0.109239,51.373289,0.089119,1728.5708839402566,1771,2077.1
546,51.379202,0.101517,51.373289,0.089119,1730.8333052466508,1758.4,2025.1
547,51.387592,0.114488,51.373289,0.089119,1732.8543351204592,1919.5,2337.8
548,51.386154,0.060555,51.373289,0.089119,1734.2129190498,1898.8,2397.3
549,51.311086,0.034008,51.373289,0.089119,1734.5542646820056,-1.0,-1.0
550,51.400292,0.10827,51.41914,0.072061,1735.744628580843,2153,2554.5
551,51.387265,0.089019,51.373289,0.089119,1741.4591935947694,1916.9,2250.9
552,51.376039,0.05006,51.365337,0.064251,1744.861921700158,2231.9,2643.1
553,51.362667,0.083672,51.373289,0.089119,1744.9484147641374,1938.5,2278.3
554,51.362608,0.097022,51.373289,0.089119,1750.8245167982877,1834.3,2091.4
555,51.368284,0.082987,51.373289,0.089119,1753.0420916289247,1809,1989.1
556,51.306543,0.046027,51.373289,0.089119,1755.9486283465158,-1.0,-1.0
557,51.409062,0.062033,51.373289,0.089119,1761.0541690917132,1921.6,2583.3
558,51.387592,0.114488,51.373289,0.089119,1762.8074358541553,1919.5,2337.8
559,51.375015,0.014733,51.373289,0.089119,1765.6910512862653,1853.8,2488.8
560,51.400049,0.059786,51.373289,0.089119,1774.2398534716363,2312.9,3292.5
561,51.36318,0.109239,51.373289,0.089119,1784.1604949184602,2023.2,2372.6
562,51.360806,0.10564,51.373289,0.089119,1785.028614555404,2029.1,2392.5
563,51.397221,0.046395,51.373289,0.089119,1786.4029356953495,2203.3,2987.3
564,51.383163,0.081111,51.373289,0.089119,1788.4571655106593,1837.1,2173.5
565,51.377957,0.111321,51.373289,0.089119,1790.8576249181283,1977.2,2347.4
566,51.30615,0.042296,51.373289,0.089119,1801.8252471240776,-1.0,-1.0
567,51.384917,0.082606,51.373289,0.089119,1804.9364539660612,2010.7,2349.7
568,51.395508,0.096271,51.373289,0.089119,1806.524407247051,1894.4,2420.2
569,51.406868,0.076718,51.373289,0.089119,1810.2979311418649,1989.9,2660.7
570,51.36975,0.081367,51.373289,0.089119,1813.1847431813742,1883.7,2063.5
571,51.377957,0.111321,51.373289,0.089119,1818.4106480637254,1977.2,2347.4
572,51.369122,0.063625,51.373289,0.089119,1826.593051996012,2016.1,2341.2
573,51.383856,0.117846,51.373289,0.089119,1836.80239462234,1964.9,2473.9
574,51.393375,0.071298,51.373289,0.089119,1837.429044726608,2145.6,2593.4
575,51.386154,0.060555,51.373289,0.089119,1838.1769902979484,1898.8,2397.3
576,51.369122,0.063625,51.373289,0.089119,1839.9769281372567,2016.1,2341.2
577,51.394739,0.075845,51.373289,0.089119,1840.3431422063134,2015.6,2517.1
578,51.353215,0.095823,51.373289,0.089119,1841.0537958055697,2139.8,2511.8
579,51.371822,0.056715,51.373289,0.089119,1843.7598382109188,2088.5,2565.2
580,51.389729,0.092299,51.373289,0.089119,1852.5588497443632,1897.6,2347.4
581,51.361479,0.107549,51.373289,0.089119,1855.3327010196665,2118.2,2443.7
582,51.311086,0.034008,51.373289,0.089119,1857.7050483667958,2463.4,4012.1
583,51.406061,0.092701,51.426083,0.102051,1858.0639008158496,1893.6,2317.9
584,51.36714,0.120211,51.373289,0.089119,1861.1963862293167,2075.3,2436.1
585,51.366122,0.100181,51.373289,0.089119,1863.281046411334,2033.5,2237
586,51.371216,0.120965,51.373289,0.089119,1871.0755905401902,1931.2,2458.1
587,51.306543,0.046027,51.373289,0.089119,1871.3146066358677,-1.0,-1.0
588,51.397737,0.051201,51.373289,0.089119,1875.8873044074883,2292,2987.3
589,51.389245,0.069895,51.373289,0.089119,1877.9207075205347,2120.6,2688.5
590,51.36714,0.120211,51.373289,0.089119,1884.8130275746048,2075.3,2436.1
591,51.372546,0.087542,51.373289,0.089119,1889.685407191279,1897.7,1995.3
592,51.304181,0.039261,51.373289,0.089119,1892.3436294290732,-1.0,-1.0
593,51.359077,0.110302,51.373289,0.089119,1893.8153393669386,2009.7,2427.7
594,51.306689,0.036265,51.373289,0.089119,1895.3418030156388,-1.0,-1.0
595,51.389729,0.092299,51.373289,0.089119,1897.2043016051643,1942.4,2347.4
596,51.383856,0.117846,51.373289,0.089119,1900.3938425389356,1964.9,2473.9
597,51.361479,0.107549,51.373289,0.089119,1909.3258110107329,2065.1,2392.5
598,51.366691,0.082858,51.373289,0.089119,1915.4073937845092,1985.6,2140.1
599,51.361349,0.064287,51.373289,0.089119,1915.7259431652815,1969.4,2269.2
600,51.391431,0.048291,51.373289,0.089119,1917.1434305216874,2089.7,2733.5
601,51.369122,0.063625,51.373289,0.089119,1917.3870745682548,2016.1,2341.2
602,51.362212,0.091756,51.373289,0.089119,1921.8513693968005,2037,2241.8
603,51.372641,0.097814,51.373289,0.089119,1922.6669570578083,1969.2,2089.4
604,51.396677,0.113421,51.375202,0.099462,1925.3047234792261,2025.9,2338.4
605,51.365635,0.098214,51.373289,0.089119,1925.3433733900445,2060,2248.7
606,51.372613,0.016006,51.373289,0.089119,1934.0196480397244,2389.1,3077.2
607,51.377957,0.111321,51.373289,0.089119,1935.0608888895656,1977.2,2347.4
608,51.423135,0.061397,51.406253,0.071931,1935.9044622657686,2340.2,2571.5
609,51.36714,0.120211,51.373289,0.089119,1937.277541248047,2075.3,2489.1
610,51.37258,0.082055,51.376987,0.097059,1942.6088916007861,1963.3,2155.9
611,51.386181,0.070901,51.373289,0.089119,1944.4302307534517,2014,2416.3
612,51.359077,0.110302,51.373289,0.089119,1944.6493498688756,2009.7,2427.7
613,51.362667,0.083672,51.373289,0.089119,1953.1378996321944,2018.7,2278.3
614,51.392991,0.054097,51.373289,0.089119,1954.7140271502392,2191.8,2733.5
615,51.387417,0.03888,51.373289,0.089119,1960.4798637119486,2404,3374.1
616,51.406061,0.092701,51.426083,0.102051,1962.2638619289735,2313.4,2997.7
617,51.374059,0.0399,51.373289,0.089119,1966.420755955264,1990.5,2514.5
618,51.39086,0.103895,51.407694,0.073487,1969.2302322666312,2090.7,2444.1000000000004
619,51.395508,0.096271,51.373289,0.089119,1971.5036008998115,2120.8,2828.1
620,51.363475,0.098595,51.373289,0.089119,1975.6127187859113,2100.8,2305.8
621,51.383258,0.08116,51.373289,0.089119,1975.8336953472674,2061.3,2395.5
622,51.369122,0.063625,51.373289,0.089119,1979.7573513976808,2016.1,2341.2
623,51.392942,0.09599,51.362432,0.095065,1988.328621981466,2282.2000000000003,2932.5
624,51.382804,0.058775,51.373289,0.089119,1988.4935708579574,2383.5,2985.9
625,51.387592,0.114488,51.373289,0.089119,1990.9323340807666,2052.7,2473.9
626,51.392991,0.054097,51.373289,0.089119,1995.856407715326,2191.8,2733.5
627,51.377957,0.111321,51.373289,0.089119,1998.9900681692445,2037.1,2347.4
628,51.381592,0.103512,51.373289,0.089119,1999.2441739165724,2262.3,2615.9
629,51.358061,0.09107,51.373289,0.089119,2004.8074676536921,2235.5,2512.5
630,51.389666,0.120895,51.362571,0.095189,2005.5967148947134,2214.7,2909.1
631,51.383856,0.117846,51.373289,0.089119,2006.936080167122,2270.1,2695
632,51.394784,0.123207,51.373289,0.089119,2008.0176536797535,2071.3,2653.1
633,51.387122,0.078479,51.373289,0.089119,2011.5992053694113,2157.7,2517.1
634,51.402296,0.109148,51.373289,0.089119,2012.0878973057302,2239.5,2799.3
635,51.360806,0.10564,51.373289,0.089119,2012.8189238129225,2096.7,2392.5
636,51.36318,0.109239,51.373289,0.089119,2013.158591036784,2054.3,2372.6
637,51.365635,0.098214,51.373289,0.089119,2014.3672884333919,2060,2248.7
638,51.378707,0.099396,51.373289,0.089119,2020.2643005567427,2169.7,2367.7
639,51.365635,0.098214,51.373289,0.089119,2020.5235023236628,2060,2248.7
640,51.361479,0.107549,51.373289,0.089119,2020.8228254144763,2065.1,2392.5
641,51.359077,0.110302,51.373289,0.089119,2022.2197709031045,2067,2427.7
642,51.384597,0.103294,51.416012,0.117947,2027.478792582657,2255.7,2779.6
643,51.406868,0.076718,51.373289,0.089119,2031.2435760845842,2089.3,2660.7
644,51.411709,0.113374,51.373289,0.089119,2036.3966150873662,2138.5,2756.5
645,51.419125,0.07225,51.400319,0.108353,2041.1049233924234,2556.3,3024.1
646,51.363602,0.096649,51.373289,0.089119,2041.269055961108,2246.1,2570.1
647,51.306543,0.046027,51.373289,0.089119,2047.407289024358,2647.5,4012.1
648,51.391474,0.048143,51.373289,0.089119,2048.9324870839764,2459.7,3171.6
649,51.392991,0.054097,51.373289,0.089119,2054.9703504357276,2102.3,3147.5
650,51.332266,0.024189,51.373289,0.089119,2056.072467212991,-1.0,-1.0
651,51.363441,0.110437,51.373289,0.089119,2060.3052603413016,2095.7,2372.6
652,51.387122,0.078479,51.373289,0.089119,2062.0224128730492,2157.7,2517.1
653,51.363602,0.096649,51.373289,0.089119,2063.0155416417783,2246.1,2570.1
654,51.408582,0.058203,51.373289,0.089119,2065.7270026532615,2150.8,3163.7
655,51.386154,0.060555,51.373289,0.089119,2066.3280266526313,2243.3,2985.9
656,51.434171,0.003511,51.373289,0.089119,2070.199398292291,-1.0,-1.0
657,51.372859,0.1031,51.373289,0.089119,2070.507285027028,2169.3,2323
658,51.368284,0.082987,51.373289,0.089119,2071.2798690309264,2143.4,2361.2
659,51.392836,0.096084,51.373289,0.089119,2071.517691066508,2280.3,2740
660,51.425058,0.106869,51.373289,0.089119,2078.8611513550904,2219.4,2958.3
661,51.363707,0.06882,51.373289,0.089119,2080.660059711837,2325,2751.2
662,51.401571,0.108879,51.373289,0.089119,2081.2688543984004,2227.6,2799.3
663,51.359444,0.085241,51.373289,0.089119,2086.0873055909374,2336.8999999999996,2631.6
664,51.362651,0.083601,51.373289,0.089119,2088.1516751420622,2299.4,2729.5
665,51.385857,0.066954,51.373289,0.089119,2090.7295580051796,2212.6,2688.5
666,51.39086,0.103895,51.407694,0.073487,2093.1060298739694,2109.2,2444.1000000000004
667,51.369122,0.063625,51.373289,0.089119,2095.68399577725,2236.5,2565.2
668,51.315575,0.034027,51.373289,0.089119,2096.3526402989028,-1.0,-1.0
669,51.384597,0.103294,51.416012,0.117947,2099.498434401483,2255.7,2779.6
670,51.389245,0.069895,51.373289,0.089119,2102.621706081876,2138.1,2688.5
671,51.373184,0.065185,51.375196,0.098807,2105.6597022144156,2242.6,2515.5
672,51.387265,0.089019,51.373289,0.089119,2107.600473351956,2249.6,2583.3
673,51.362212,0.091756,51.373289,0.089119,2108.8999438855694,2249.8,2453.8
674,51.426256,0.109774,51.373289,0.089119,2109.446205096972,2296,3189.9
675,51.312317,0.035579,51.373289,0.089119,2111.8449556217647,2511.9,4012.1
676,51.407665,0.057023,51.373289,0.089119,2117.906153980035,2179.7,3163.7
677,51.381592,0.103512,51.373289,0.089119,2119.445125671484,2262.3,2615.9
678,51.411778,0.10569,51.406905,0.105448,2124.2880533129096,2685.1,2861.5
679,51.387191,0.114103,51.366065,0.055464,2128.8578796497295,2189.6,3067.5
680,51.35808,0.090973,51.373289,0.089119,2130.421408799333,2235.4,2512.5
681,51.362212,0.091756,51.373289,0.089119,2133.0965708858675,2249.8,2453.8
682,51.372546,0.087542,51.373289,0.089119,2134.084304760104,2167.7,2265.3
683,51.369122,0.063625,51.373289,0.089119,2139.2941948311104,2236.5,2565.2
684,51.366691,0.082858,51.373289,0.089119,2139.830777423329,2204.5,2361.2
685,51.374589,0.107636,51.373289,0.089119,2148.705789474054,2250.8,2489.1
686,51.375015,0.014733,51.373289,0.089119,2160.3472214470576,2439.9,3077.2
687,51.393354,0.125955,51.373289,0.089119,2169.148682643453,2684,3478.6
688,51.389729,0.092299,51.373289,0.089119,2169.2117620751924,2293.1,2703.3
689,51.361349,0.064287,51.373289,0.089119,2174.101259542104,2198.2,2751.2
690,51.395508,0.096271,51.373289,0.089119,2178.231280442937,2248.5,2828.1
691,51.363602,0.096649,51.373289,0.089119,2179.6623039698056,2246.1,2570.1
692,51.312788,0.031036,51.373289,0.089119,2181.1129646640106,-1.0,-1.0
693,51.340601,0.110805,51.373289,0.089119,2183.7892289263755,2602.8,3119.3
694,51.392918,0.032157,51.373289,0.089119,2195.5337613741945,2434.6,3147.5
695,51.39686,0.096915,51.41796,0.089729,2199.7513763430834,2579.1,3000.1
696,51.389245,0.069895,51.373289,0.089119,2200.713103488589,2294,2688.5
697,51.435428,0.115935,51.373289,0.089119,2200.8651962806384,2786.5,3805
698,51.389729,0.092299,51.373289,0.089119,2204.2874140832178,2293.1,2703.3
699,51.372859,0.1031,51.373289,0.089119,2209.524951379742,2281.7,2436.1
700,51.376235,0.122352,51.373289,0.089119,2212.6496928466136,2567.5,3021.5
701,51.392027,0.111732,51.373289,0.089119,2213.5909420050016,2255.9,2653.1
702,51.363579,0.098549,51.373289,0.089119,2214.374747614312,2239.6,2443.7
703,51.312317,0.035579,51.373289,0.089119,2223.0265213748235,-1.0,-1.0
704,51.393442,0.034359,51.373289,0.089119,2231.808691341307,2452.4,3147.5
705,51.384008,0.078137,51.373289,0.089119,2232.5303333316406,2280.2,2593.4
706,51.401988,0.103609,51.381191,0.104231,2236.3381691998975,2666.8,3039.6
707,51.383856,0.117846,51.373289,0.089119,2236.449416558778,2270.1,2695
708,51.383683,0.055719,51.373289,0.089119,2236.921443758314,2342,2985.9
709,51.393375,0.071298,51.373289,0.089119,2241.4862467891194,2451.1,3053
710,51.374059,0.0399,51.373289,0.089119,2241.887900024912,2509.2,3163.5
711,51.367592,0.072076,51.373289,0.089119,2249.120890183717,2332.3,2635.6
712,51.354732,0.101482,51.377414,0.100986,2250.852529221894,2564.7999999999997,3073.6
713,51.363579,0.098549,51.373289,0.089119,2254.5368728688113,2369.4,2593.3
714,51.363602,0.096649,51.373289,0.089119,2256.1290954837286,2314.2,2570.1
715,51.356318,0.099467,51.373289,0.089119,2257.395052140059,2659.7,3133.3
716,51.419125,0.07225,51.400319,0.108353,2276.26446470904,2556.3,3024.1
717,51.363579,0.098549,51.373289,0.089119,2276.5571810467445,2369.4,2593.3
718,51.304181,0.039261,51.373289,0.089119,2278.356388644357,-1.0,-1.0
719,51.369828,0.089962,51.373289,0.089119,2279.094986967388,2332,2481.6
720,51.395508,0.096271,51.373289,0.089119,2279.4962195172357,2307.9,2828.1
721,51.397793,0.09717,51.373289,0.089119,2281.087697296815,2681.7,3215.9
722,51.379202,0.101517,51.373289,0.089119,2281.2808034528657,2345.2,2615.9
723,51.366122,0.100181,51.373289,0.089119,2281.855401050825,2433.6,2642
724,51.395508,0.096271,51.373289,0.089119,2285.2079192329024,2622,3144.2
725,51.378707,0.099396,51.373289,0.089119,2285.274698518927,2429,2630.7
726,51.363608,0.098554,51.373289,0.089119,2298.849582289456,2369,2593.3
727,51.359199,0.085731,51.373289,0.089119,2303.5077248801895,2331.2,2631.6
728,51.377957,0.111321,51.373289,0.089119,2306.2348958639855,2547,2857.3
729,51.419111,0.075381,51.373289,0.089119,2307.5880092211014,2674.4,3878.4
730,51.389245,0.069895,51.373289,0.089119,2311.5607908726643,2457.2,2850.7
731,51.361702,0.097327,51.373289,0.089119,2312.990682791659,2545.1,2851.8
732,51.392027,0.111732,51.373289,0.089119,2315.9192299284464,2362.4,2756.5
733,51.392592,0.0835,51.373289,0.089119,2316.4622302731195,2586,3109
734,51.308226,0.037141,51.373289,0.089119,2318.31432522979,-1.0,-1.0
735,51.392991,0.054097,51.373289,0.089119,2320.552147720444,2402.8,2987.3
736,51.359444,0.085241,51.373289,0.089119,2322.5222760289234,2342.6,2631.6
737,51.403993,0.110542,51.373289,0.089119,2330.8414659360365,2635.5,3189.9
738,51.423287,0.062658,51.373289,0.089119,2336.4962472555276,2351.7999999999997,3614.4
739,51.362651,0.083601,51.373289,0.089119,2340.1060155153336,2443.4,2729.5
740,51.394739,0.075845,51.373289,0.089119,2344.521206951568,2533.2,3053
741,51.411862,0.105866,51.362488,0.095046,2355.853388944332,2686.2999999999997,3520.7
742,51.401988,0.103609,51.381191,0.104231,2356.182646304207,2666.8,3039.6
743,51.332266,0.024189,51.373289,0.089119,2356.3511472920177,2869.5,3693.7
744,51.362651,0.083601,51.373289,0.089119,2359.643542736528,2443.4,2729.5
745,51.411259,0.054505,51.373289,0.089119,2367.9742876694063,2581.3,3292.5
746,51.361349,0.064287,51.373289,0.089119,2368.381207030366,2452.8,2751.2
747,51.366122,0.100181,51.373289,0.089119,2375.6930293935857,2433.6,2642
748,51.354747,0.101483,51.377317,0.100887,2390.8252941470446,2564.7,3073.6
749,51.365635,0.098214,51.373289,0.089119,2393.3939367656612,2407.7,2593.3
750,51.360921,0.075825,51.386599,0.034845,2394.9432400415894,2728.1,3238.8
751,51.359176,0.085596,51.36659,0.066972,2398.615134973197,2602.1,3189.5
752,51.376235,0.122352,51.373289,0.089119,2401.2065597158653,2567.5,3021.5
753,51.366122,0.100181,51.373289,0.089119,2412.434795906418,2433.6,2642
754,51.395508,0.096271,51.373289,0.089119,2415.273948211665,2622,3144.2
755,51.384597,0.103294,51.416012,0.117947,2419.7562032231685,2620.7,3144.6
756,51.387122,0.078479,51.373289,0.089119,2425.569110063911,2597.2,2984.2
757,51.362651,0.083601,51.373289,0.089119,2431.476756505892,2470.6,2729.5
758,51.39086,0.103895,51.407694,0.073487,2434.0992167339627,2708.3,3043.5
759,51.366122,0.100181,51.373289,0.089119,2435.6435448970897,2556.2,2764.1
760,51.406061,0.092701,51.426083,0.102051,2437.3593224237197,2735.6,3081.5
761,51.362608,0.097022,51.373289,0.089119,2438.949345386512,2509.1,2851.8
762,51.365635,0.098214,51.373289,0.089119,2442.632825877162,2569.9,2758.7
763,51.411862,0.105866,51.362488,0.095046,2447.8120808249478,2686.2999999999997,3520.7
764,51.372546,0.087542,51.373289,0.089119,2448.2296396872052,2467.5,2565.2
765,51.383856,0.117846,51.373289,0.089119,2448.611599736204,2697.3,3128.7
766,51.38495,0.062738,51.373289,0.089119,2453.891760945608,2484.6,2985.9
767,51.38334,0.116198,51.373289,0.089119,2456.4757912521104,2696.9,3185.9
768,51.405966,0.064753,51.373289,0.089119,2457.514920737028,2760.1,3614.4
769,51.314016,0.026048,51.369433,0.035627,2459.0416622145053,-1.0,-1.0
770,51.304739,0.021725,51.316095,0.044692,2459.3728239128372,-1.0,-1.0
771,51.383856,0.117846,51.373289,0.089119,2460.7865033815247,2697.3,3128.7
772,51.361349,0.064287,51.373289,0.089119,2465.7863886015157,2647.9,2943.1
773,51.395508,0.096271,51.373289,0.089119,2468.658832387481,2622,3144.2
774,51.417305,0.115911,51.373289,0.089119,2473.5285933602636,2822.9,3549.9
775,51.409062,0.062033,51.373289,0.089119,2474.1722039552465,2658.5,3292.5
776,51.392942,0.09599,51.362432,0.095065,2474.3040302067707,2824.7,3354.6
777,51.395508,0.096271,51.373289,0.089119,2475.9248649505084,2622,3144.2
778,51.362608,0.097022,51.373289,0.089119,2477.0579577327185,2509.1,2851.8
779,51.358061,0.09107,51.373289,0.089119,2483.966661609819,2691.4,3129.7
780,51.379202,0.101517,51.373289,0.089119,2484.2838085158633,2573.7,2842.8
781,51.371216,0.120965,51.373289,0.089119,2484.634929085531,2739.6,3276.3
782,51.394784,0.123207,51.373289,0.089119,2495.5114493235756,2928.5,3630
783,51.419125,0.07225,51.400319,0.108353,2499.4487351598154,2556.3,3024.1
784,51.363475,0.098595,51.373289,0.089119,2499.611233936454,2640.8,2845.8
785,51.39042,0.069566,51.373289,0.089119,2504.799810078095,2575.1,2987.3
786,51.352513,0.091851,51.373289,0.089119,2505.062340096821,2781.8,3116.6
787,51.395508,0.096271,51.373289,0.089119,2507.5397319394156,2598.9,3215.9
788,51.371216,0.120965,51.373289,0.089119,2509.009896085639,2739.6,3276.3
789,51.384008,0.078137,51.373289,0.089119,2513.9401395365253,2544.1,2850.7
790,51.352513,0.091851,51.373289,0.089119,2517.883316110167,2781.8,3116.6
791,51.391005,0.084979,51.373289,0.089119,2520.0115883839153,2710.4,3109
792,51.392592,0.0835,51.373289,0.089119,2525.4090073793745,2586,3109
793,51.332266,0.024189,51.373289,0.089119,2531.4098119871196,2869.5,3693.7
794,51.405357,0.089945,51.373289,0.089119,2533.4474113174306,2995.8,3606.3
795,51.377192,0.083283,51.373289,0.089119,2535.439471588088,2635,2846.4
796,51.332266,0.024189,51.373289,0.089119,2535.6232832473393,2869.5,3693.7
797,51.406061,0.092701,51.426083,0.102051,2541.0781802385013,2735.6,3081.5
798,51.361702,0.097327,51.373289,0.089119,2545.754785967776,2553.2,2851.8
799,51.372641,0.097814,51.373289,0.089119,2546.329671440889,2560.2,2682.3
800,51.361349,0.064287,51.373289,0.089119,2551.5313355109697,2647.9,2943.1
801,51.408582,0.058203,51.373289,0.089119,2553.3242694870146,2634.3,3292.5
802,51.362608,0.097022,51.373289,0.089119,2555.7943587137693,2717,2972
803,51.306689,0.036265,51.373289,0.089119,2556.4764939948786,2871.6,4012.1
804,51.356318,0.099467,51.373289,0.089119,2560.611567249729,2659.7,3133.3
805,51.374059,0.0399,51.373289,0.089119,2572.2607382527444,2640.9,3163.5
806,51.356318,0.099467,51.373289,0.089119,2575.27040099,2659.7,3133.3
807,51.376235,0.122352,51.373289,0.089119,2579.6386072197165,2594.6,3021.5
808,51.363707,0.06882,51.373289,0.089119,2580.8429999560826,2764.3,3180.4
809,51.387592,0.114488,51.373289,0.089119,2583.0385021786196,2778.9,3240.8
810,51.312317,0.035579,51.373289,0.089119,2594.9705555337378,-1.0,-1.0
811,51.372546,0.087542,51.373289,0.089119,2596.725782910563,2630,2725.1
812,51.391005,0.084979,51.373289,0.089119,2598.339634004377,2710.4,3109
813,51.362667,0.083672,51.373289,0.089119,2604.786699125342,2679.4,2938.7
814,51.387122,0.078479,51.373289,0.089119,2607.271730298443,2619.5,2984.2
815,51.400049,0.059786,51.373289,0.089119,2608.7164811086795,3022.1,3704.2
816,51.389245,0.069895,51.373289,0.089119,2613.288380502914,2642.1,3171.6
817,51.359444,0.085241,51.373289,0.089119,2613.517425238325,2773.6,3089.9
818,51.38334,0.116198,51.373289,0.089119,2617.3074794921,2696.9,3185.9
819,51.382804,0.058775,51.373289,0.089119,2617.5908513447243,2786.8,3374.1
820,51.369828,0.089962,51.373289,0.089119,2620.178220841382,2703.9,2849.3
821,51.311086,0.034008,51.373289,0.089119,2622.5080053108754,-1.0,-1.0
822,51.377208,0.078399,51.373289,0.089119,2628.75922300719,2700.4,2936.3
823,51.362913,0.069291,51.377894,0.101348,2634.9320458605066,2908.3,3281.8
824,51.387122,0.078479,51.373289,0.089119,2641.78593920718,2692.4,3053
825,51.381592,0.103512,51.373289,0.089119,2647.4624377275163,2787.5,3100
826,51.384917,0.082606,51.373289,0.089119,2648.907141042872,2841.1,3249.9
827,51.363608,0.098554,51.373289,0.089119,2649.1346597591923,2696.5,2899.8
828,51.36283,0.069857,51.373915,0.09662,2650.2449162109647,2932.1,3236.2
829,51.356318,0.099467,51.373289,0.089119,2652.568834928478,2679.7,3133.3
830,51.371462,0.068718,51.373289,0.089119,2653.318770461812,2763.2,3147
831,51.36379,0.095382,51.373289,0.089119,2655.5058704632474,2733.1,2969.2
832,51.387278,0.089104,51.373289,0.089119,2655.8158698628013,2817.2,3151.6
833,51.391431,0.048291,51.373289,0.089119,2656.2789594767833,3150.2,3984
834,51.387122,0.078479,51.373289,0.089119,2656.7788511717263,2692.4,3053
835,51.38678,0.079373,51.373289,0.089119,2656.9030455889088,2781.3,3171.6
836,51.356318,0.099467,51.373289,0.089119,2657.962903641259,2989.7,3631.5
837,51.359077,0.110302,51.373289,0.089119,2667.4142766219193,2825.8,3183.5
838,51.381121,0.102078,51.407013,0.072698,2669.3509449790618,2792.1,3268.4
839,51.377957,0.111321,51.373289,0.089119,2673.547342565738,2759.6,3068.6
840,51.382804,0.058775,51.373289,0.089119,2676.5940829983324,2786.8,3374.1
841,51.359199,0.085731,51.373289,0.089119,2682.7206275157246,2767.9,3089.9
842,51.385857,0.066954,51.373289,0.089119,2696.668285267587,2932.5,3374.1
843,51.371822,0.056715,51.373289,0.089119,2697.806643868851,2966.4,3470.3
844,51.383856,0.117846,51.373289,0.089119,2700.1469826919615,2753.2,3185.9
845,51.359077,0.110302,51.373289,0.089119,2702.4072918418433,2825.8,3183.5
846,51.376235,0.122352,51.373289,0.089119,2707.5560067993865,2876.8,3305.9
847,51.392592,0.0835,51.373289,0.089119,2710.559834109835,2973.4,3499.7
848,51.363608,0.098554,51.373289,0.089119,2718.080815399138,2790.7,3013.8
849,51.38593,0.101273,51.373289,0.089119,2720.877263339464,3073.3,3548.2
850,51.36318,0.109239,51.373289,0.089119,2724.356759702791,2974.1,3285
851,51.369122,0.063625,51.373289,0.089119,2727.3155225035357,2947.6,3272.4
852,51.374262,0.105042,51.373289,0.089119,2731.855616076897,2928.5,3162.9
853,51.415646,0.053651,51.373289,0.089119,2739.020887622803,2950.1,3878.4
854,51.312317,0.035579,51.373289,0.089119,2739.1930750430674,-1.0,-1.0
855,51.383163,0.081111,51.373289,0.089119,2741.34122304162,2888.9,3292.4
856,51.36318,0.109239,51.373289,0.089119,2741.7841473938124,2974.2,3285
857,51.363608,0.098554,51.373289,0.089119,2741.829290113319,2790.7,3013.8
858,51.381592,0.103512,51.373289,0.089119,2741.9345189653372,2787.5,3100
859,51.358061,0.09107,51.373289,0.089119,2747.4437056621277,2825.8,3129.7
860,51.372859,0.1031,51.373289,0.089119,2752.1166590461303,2850.1,3004.1
861,51.363441,0.110437,51.373289,0.089119,2753.941497840707,2972.9,3247.3
862,51.435428,0.115935,51.373289,0.089119,2756.3110008289364,2786.5,3805
863,51.361479,0.107549,51.373289,0.089119,2757.6810238675207,3029.9,3613.4
864,51.363782,0.107029,51.373289,0.089119,2760.128194015627,3014.4,3307.9
865,51.359444,0.085241,51.373289,0.089119,2766.246777736476,2804.1,3089.9
866,51.372859,0.1031,51.373289,0.089119,2770.9845357915865,2850.1,3004.1
867,51.332266,0.024189,51.373289,0.089119,2771.1163978546624,2869.5,3693.7
868,51.404697,0.056189,51.373289,0.089119,2771.6937980910316,2908.8,3614.4
869,51.30615,0.042296,51.373289,0.089119,2791.939718745914,-1.0,-1.0
870,51.392991,0.054097,51.373289,0.089119,2798.085217503183,2903.5,3704.2
871,51.361349,0.064287,51.373289,0.089119,2800.395213411633,2885.3,3180.4
872,51.365635,0.098214,51.373289,0.089119,2807.191196112899,2828.6,3013.8
873,51.371462,0.068718,51.373289,0.089119,2814.0369262289983,2869,3147
874,51.405966,0.064753,51.373289,0.089119,2814.8528083191495,3276,4118.4
875,51.353215,0.095823,51.373289,0.089119,2817.745065870426,3037.1,3410.1
876,51.354732,0.101482,51.377414,0.100986,2822.7785842557855,3134.8,3643.6
877,51.365635,0.098214,51.373289,0.089119,2824.5827387724985,2956.8,3141.6
878,51.36714,0.120211,51.373289,0.089119,2825.4472038793115,2901.4,3276.3
879,51.395533,0.12514,51.386682,0.0346,2825.983363858374,3025.4,4275.4
880,51.363707,0.06882,51.373289,0.089119,2833.760346266258,2928.1,3493.4
881,51.421544,0.060143,51.382413,0.045041,2836.1685529767456,3224.6,3769.6
882,51.417305,0.115911,51.373289,0.089119,2840.1310280822286,2879.8,3549.9
883,51.384008,0.078137,51.373289,0.089119,2841.84546549818,2865.9,3171.6
884,51.397793,0.09717,51.373289,0.089119,2842.3031312107905,3156.2,3941.8
885,51.353438,0.095622,51.373289,0.089119,2843.928757885912,3032.6,3410.1
886,51.384917,0.082606,51.373289,0.089119,2851.2055476440014,2911.1,3249.9
887,51.412201,0.046528,51.373289,0.089119,2853.3167680021093,3080.8,3878.4
888,51.361702,0.097327,51.373289,0.089119,2858.2362412748525,3080.4,3383.5
889,51.332266,0.024189,51.373289,0.089119,2864.978466737174,-1.0,-1.0
890,51.37245,0.084292,51.378905,0.100827,2869.980702676114,2909,3118.2
891,51.372859,0.1031,51.373289,0.089119,2870.1012818727036,2914,3068.6
892,51.394739,0.075845,51.373289,0.089119,2875.3448104987815,3104.8,3686
893,51.38334,0.116198,51.373289,0.089119,2877.244066055859,2968.5,3478.6
894,51.37176,0.056793,51.373289,0.089119,2880.7483221581692,2966.5,3470.3
895,51.353215,0.095823,51.373289,0.089119,2883.478686486486,3037.1,3410.1
896,51.421269,0.067668,51.373289,0.089119,2887.296197671356,3330.4,4394.3
897,51.387265,0.089019,51.373289,0.089119,2887.7269356559873,2996.9,3330.9
898,51.36714,0.120211,51.373289,0.089119,2889.791537703619,2915.7,3276.3
899,51.38279,0.058729,51.365276,0.064394,2890.7249896694384,3353.5,3909.2
900,51.384008,0.078137,51.373289,0.089119,2891.406553883072,2986.8,3292.4
901,51.384917,0.082606,51.373289,0.089119,2893.6910289404323,2911.1,3249.9
902,51.386154,0.060555,51.373289,0.089119,2903.8201179337116,3323.3,4158.1
903,51.378707,0.099396,51.373289,0.089119,2904.131697582759,3029,3230.7
904,51.362212,0.091756,51.373289,0.089119,2904.174287865245,2923.4,3129.7
905,51.425058,0.106869,51.373289,0.089119,2904.857217214967,3200.5,4091.1
906,51.368284,0.082987,51.373289,0.089119,2909.7149113264422,3027.5,3209.6
907,51.362608,0.097022,51.373289,0.089119,2920.255987206323,3071.4,3327.5
908,51.387265,0.089019,51.373289,0.089119,2920.4043569094406,2996.9,3330.9
909,51.377192,0.083283,51.373289,0.089119,2923.5089503226513,3022.8,3235.4
910,51.394784,0.123207,51.373289,0.089119,2924.7998568014027,2951.4,3630
911,51.384008,0.078137,51.373289,0.089119,2931.981364069535,2986.8,3292.4
912,51.386313,0.045252,51.373289,0.089119,2932.650048038204,3413.9,4218.4
913,51.383856,0.117846,51.373289,0.089119,2943.1175508194547,3004.4,3478.6
914,51.363707,0.06882,51.373289,0.089119,2946.2482110424216,3014.7,3493.4
915,51.332266,0.024189,51.373289,0.089119,2951.6679082970318,-1.0,-1.0
916,51.359199,0.085731,51.373289,0.089119,2957.5125358651517,3141.2,3434.6
917,51.383163,0.081111,51.373289,0.089119,2963.789942240248,3127.1,3454.8
918,51.354732,0.101482,51.377414,0.100986,2965.727316019544,3134.8,3643.6
919,51.389245,0.069895,51.373289,0.089119,2970.850139499637,3215.9,3614.4
920,51.409062,0.062033,51.373289,0.089119,2972.80575333743,3240.9,3878.4
921,51.389245,0.069895,51.373289,0.089119,2974.7726488207527,3237.2,3724
922,51.374951,0.014687,51.373289,0.089119,2976.870835073385,3444,4078.7
923,51.38334,0.116198,51.373289,0.089119,2978.0991568097315,3037.4,3478.6
924,51.400292,0.10827,51.41914,0.072061,2985.529050663088,3023.4,3425.9
925,51.359444,0.085241,51.373289,0.089119,2988.057097706144,3146.8999999999996,3434.6
926,51.363475,0.098595,51.373289,0.089119,2999.4242772058046,3144.2000000000003,3349.4
927,51.375793,0.107093,51.373289,0.089119,3000.636376282145,3215.7,3514.1
928,51.405357,0.089945,51.373289,0.089119,3002.8731384296934,3071.2,3606.3
929,51.37795,0.077552,51.376739,0.09954,3003.808592305288,3102.6,3369.4
930,51.363707,0.06882,51.373289,0.089119,3008.9245422824533,3046.8,3493.4
931,51.36352,0.098566,51.373289,0.089119,3010.5264417264407,3143.4,3349.4
932,51.371822,0.056715,51.373289,0.089119,3014.447029981144,3081.8,3470.3
933,51.391005,0.084979,51.373289,0.089119,3015.231345438731,3101.4,3499.7
934,51.406061,0.092701,51.426083,0.102051,3019.030864490678,3370.8,3876.9
935,51.38334,0.116198,51.373289,0.089119,3021.3297598895674,3337.4,3778.6
936,51.400049,0.059786,51.373289,0.089119,3022.1842647266817,3035.8,3704.2
937,51.371741,0.042793,51.373289,0.089119,3029.2467465457,3415.5,3872.4
938,51.429247,0.107863,51.373289,0.089119,3031.5680644361114,3381.6,4686.5
939,51.423588,0.109037,51.373289,0.089119,3045.3529428233433,3065.8,3805
940,51.362651,0.083601,51.373289,0.089119,3047.3726335258543,3178.1,3437.2
941,51.393354,0.125955,51.373289,0.089119,3049.7015439904503,3531.5,4133.9
942,51.363579,0.098549,51.373289,0.089119,3059.4870721316843,3142.8,3349.4
943,51.332266,0.024189,51.373289,0.089119,3060.9482700405333,-1.0,-1.0
944,51.392027,0.111732,51.373289,0.089119,3067.6627444854485,3151.6,3549.9
945,51.377957,0.111321,51.373289,0.089119,3073.427483828668,3274,3615.7
946,51.372641,0.097814,51.373289,0.089119,3074.822207370651,3119.1,3240.8
947,51.362913,0.069291,51.377894,0.101348,3076.7507798693846,3268.3,3641.8
948,51.35808,0.090973,51.373289,0.089119,3077.591171351442,3263.4,3690.8
949,51.387122,0.078479,51.373289,0.089119,3102.4712039260435,3325.6,3686
950,51.39086,0.103895,51.407694,0.073487,3106.7227526442525,3428.3,3763.5
951,51.36318,0.109239,51.373289,0.089119,3107.7880077648933,3370,3680.6
952,51.409062,0.062033,51.373289,0.089119,3109.482027521357,3160.6,4118.4
953,51.354854,0.101794,51.373289,0.089119,3117.3829832947326,3189.4,3631.5
954,51.36714,0.120211,51.373289,0.089119,3120.5624032703577,3395.3,3849
955,51.374059,0.0399,51.373289,0.089119,3123.3605124298256,3459.6,3984
956,51.363707,0.06882,51.373289,0.089119,3126.352898184087,3405,3813.4
957,51.411709,0.113374,51.373289,0.089119,3131.784099151573,3191.5,3805
958,51.398356,0.06212,51.373289,0.089119,3138.5595459381066,3593.4,4516
959,51.353438,0.095622,51.373289,0.089119,3141.123219340696,3263,3631.5
960,51.360806,0.10564,51.373289,0.089119,3144.618421109452,3234.5,3613.4
961,51.395508,0.096271,51.373289,0.089119,3147.4041833001265,3233.3,3941.8
962,51.36318,0.109239,51.373289,0.089119,3156.2429472696545,3370.1,3680.6
963,51.366691,0.082858,51.373289,0.089119,3167.5714654349213,3198.8,3355
964,51.392692,0.076061,51.373289,0.089119,3173.6108337988403,3223.4,3686
965,51.394784,0.123207,51.373289,0.089119,3173.918170472237,3659.3,4237.4
966,51.369122,0.063625,51.373289,0.089119,3175.5003809616037,3339.5,3664.5
967,51.392918,0.032157,51.373289,0.089119,3176.2661508610295,3415.5,4314.3
968,51.361479,0.107549,51.373289,0.089119,3177.6243748899833,3269.4,3613.4
969,51.374262,0.105042,51.373289,0.089119,3180.0717907306694,3286.8,3522
970,51.308226,0.037141,51.373289,0.089119,3183.2912403944215,-1.0,-1.0
971,51.386181,0.070901,51.373289,0.089119,3185.6123956255688,3321,3724
972,51.381121,0.102078,51.407013,0.072698,3185.743361667124,3332.5,3812.1
973,51.367592,0.072076,51.373289,0.089119,3188.3988829023397,3389.8,3688.3
974,51.412201,0.046528,51.373289,0.089119,3190.4049292142154,3674.1,4880.8
975,51.363782,0.107029,51.373289,0.089119,3191.383041086683,3322.2,3613.4
976,51.422627,0.107933,51.373289,0.089119,3195.5478639336643,3236,4091.1
977,51.397793,0.09717,51.373289,0.089119,3196.765318643772,3313.4,3941.8
978,51.363602,0.096649,51.373289,0.089119,3197.330956535065,3333.2,3589.2
979,51.409062,0.062033,51.373289,0.089119,3197.500778787511,3392.1,4118.4
980,51.308226,0.037141,51.373289,0.089119,3205.50704808008,-1.0,-1.0
981,51.371552,0.121628,51.376815,0.099875,3214.7103354033948,3535.6,3935.3
982,51.38334,0.116198,51.373289,0.089119,3215.097259026463,3337.4,3778.6
983,51.425058,0.106869,51.373289,0.089119,3219.717395900763,3342.1,4091.1
984,51.408169,0.098927,51.373289,0.089119,3220.8707173200455,3602.9,4176.1
985,51.392592,0.0835,51.373289,0.089119,3225.372081973356,3527,3973.4
986,51.372546,0.087542,51.373289,0.089119,3230.3188279890087,3247.7,3345.3
987,51.36352,0.098566,51.373289,0.089119,3237.3355563420027,3332,3536.1
988,51.363707,0.06882,51.373289,0.089119,3243.9197417311143,3405,3813.4
989,51.372613,0.016006,51.373289,0.089119,3244.006246071673,3388.3,4078.7
990,51.374059,0.0399,51.373289,0.089119,3246.4252981484483,3459.6,3984
991,51.363441,0.110437,51.373289,0.089119,3250.8584573998414,3325.4,3680.6
992,51.377957,0.111321,51.373289,0.089119,3256.5031304824543,3274,3615.7
993,51.393921,0.105288,51.373289,0.089119,3259.3251634005333,3633.1,4128.3
994,51.361349,0.064287,51.373289,0.089119,3265.3422639871947,3278.2,3813.4
995,51.38334,0.116198,51.373289,0.089119,3266.1076589592585,3337.4,3778.6
996,51.36714,0.120211,51.373289,0.089119,3266.458969736098,3395.3,3849
997,51.394819,0.121873,51.373289,0.089119,3268.844029046785,3600.8,4237.4
998,51.394819,0.121873,51.373289,0.089119,3273.1709677043805,3600.8,4237.4
999,51.407665,0.057023,51.373289,0.089119,3273.4366696884945,3447.5,4118.4
1000,51.417305,0.115911,51.373289,0.089119,3274.6214155430403,3427.8,4091.1
1001,51.356318,0.099467,51.373289,0.089119,3276.7777868221647,3577.7,4220.2
1002,51.408169,0.098927,51.373289,0.089119,3276.8271245212054,3603.0,4176.1
1003,51.382804,0.058775,51.373289,0.089119,3278.6130742134415,3420.4,4158.1
1004,51.361349,0.064287,51.373289,0.089119,3281.2378082787272,3450.3,3746.3
1005,51.354732,0.101482,51.377414,0.100986,3281.5078302078336,3584.8,4093.6
1006,51.406061,0.092701,51.426083,0.102051,3284.693253482322,3370.8,3876.9
1007,51.36975,0.081367,51.373289,0.089119,3288.79516275066,3360,3539.8
1008,51.371462,0.068718,51.373289,0.089119,3291.1716379045783,3392.9,3675.5
1009,51.389245,0.069895,51.373289,0.089119,3292.378835907588,3305.3,3704.2
1010,51.356958,0.138095,51.365711,0.059512,3294.049989584757,3610.4,4361.7
1011,51.376122,0.017745,51.373289,0.089119,3303.333942757244,3483.9,4078.7
1012,51.387265,0.089019,51.373289,0.089119,3303.6923818649616,3446.9,3780.9
1013,51.410224,0.107669,51.407785,0.07365,3305.039899906642,3801.3,4166.1
1014,51.362651,0.083601,51.373289,0.089119,3305.4707658866864,3398.4,3690.8
1015,51.405357,0.089945,51.373289,0.089119,3306.7996498549483,3688.9,4379.3
1016,51.306543,0.046027,51.373289,0.089119,3318.2732771241026,-1.0,-1.0
1017,51.377192,0.083283,51.373289,0.089119,3326.0980098532177,3384.3,3596
1018,51.408169,0.098927,51.373289,0.089119,3328.815662941524,3603.1,4176.1
1019,51.362667,0.083672,51.373289,0.089119,3332.845020882242,3397.8,3690.8
1020,51.366122,0.100181,51.373289,0.089119,3333.7944453910955,3483.2,3750.5
1021,51.401226,0.116967,51.373289,0.089119,3334.117285961544,3712.7,4331.8
1022,51.377192,0.083283,51.373289,0.089119,3334.743822567741,3384.3,3596
1023,51.391431,0.048291,51.373289,0.089119,3340.3128333354357,3573.6,4218.4
1024,51.393375,0.071298,51.373289,0.089119,3343.3896857070117,3561.1,4005.6
1025,51.312317,0.035579,51.373289,0.089119,3343.4495112527966,-1.0,-1.0
1026,51.401226,0.116967,51.373289,0.089119,3345.641678471942,3712.7,4331.8
1027,51.36318,0.109239,51.373289,0.089119,3346.185632969888,3370.2,3680.6
1028,51.372613,0.016006,51.373289,0.089119,3348.9228716746907,3388.3,4078.7
1029,51.392592,0.0835,51.373289,0.089119,3350.536880819579,3527,3973.4
1030,51.308226,0.037141,51.373289,0.089119,3351.1612492583577,-1.0,-1.0
1031,51.383258,0.08116,51.373289,0.089119,3352.7464926051207,3441.3,3775.5
1032,51.397793,0.09717,51.373289,0.089119,3354.270135842763,3406.6,3941.8
1033,51.312317,0.035579,51.373289,0.089119,3355.8983345100182,-1.0,-1.0
1034,51.377739,0.116504,51.373289,0.089119,3357.0606354573647,3552.3,3944.1
1035,51.374951,0.014687,51.373289,0.089119,3357.946761539429,3847.7,4646
1036,51.377957,0.111321,51.373289,0.089119,3366.432950150548,3528.4,3831.4
1037,51.360806,0.10564,51.373289,0.089119,3370.0582159130267,3587.5,3880.4
1038,51.374589,0.107636,51.373289,0.089119,3373.8781833038875,3526.2,3765.3
1039,51.362913,0.069291,51.377894,0.101348,3374.482037809342,3598.3,3971.8
1040,51.384008,0.078137,51.373289,0.089119,3380.7908118755468,3414.2,3724
1041,51.393354,0.125955,51.373289,0.089119,3384.0694150569657,3531.5,4133.9
1042,51.393354,0.125955,51.373289,0.089119,3384.175833820343,3531.5,4133.9
1043,51.332266,0.024189,51.373289,0.089119,3390.074505421874,-1.0,-1.0
1044,51.400292,0.10827,51.41914,0.072061,3390.6275025264954,3810.9,4469.6
1045,51.394784,0.123207,51.373289,0.089119,3391.516235021626,3659.3,4237.4
1046,51.393354,0.125955,51.373289,0.089119,3392.993032209152,3531.5,4133.9
1047,51.383856,0.117846,51.373289,0.089119,3399.631589638618,3704.2,4129.6
1048,51.363608,0.098554,51.373289,0.089119,3400.625094359027,3509,3712.7
1049,51.408169,0.098927,51.373289,0.089119,3404.5012711745117,3603.2,4176.1
1050,51.392991,0.054097,51.373289,0.089119,3411.817274330659,3653.8,4242.6
1051,51.362667,0.083672,51.373289,0.089119,3412.6819883898515,3433.1,3690.8
1052,51.359444,0.085241,51.373289,0.089119,3414.025877176963,3551.2,3837.7
1053,51.312317,0.035579,51.373289,0.089119,3416.0802331113514,-1.0,-1.0
1054,51.397662,0.122674,51.418611,0.089081,3419.184002578262,3884.4,4638.2
1055,51.38334,0.116198,51.373289,0.089119,3423.591788118725,3666.1,4129.6
1056,51.406061,0.092701,51.426083,0.102051,3424.3499420320504,3530.6,3876.9
1057,51.405966,0.064753,51.373289,0.089119,3428.5349019593905,3645.6,4394.3
1058,51.383683,0.055719,51.373289,0.089119,3431.852319180715,3516.7,4158.1
1059,51.30615,0.042296,51.373289,0.089119,3436.693463905619,-1.0,-1.0
1060,51.362608,0.097022,51.373289,0.089119,3441.0466051176786,3567.4,3822.3
1061,51.377957,0.111321,51.373289,0.089119,3442.7930476132074,3528.4,3831.4
1062,51.358061,0.09107,51.373289,0.089119,3443.045426244686,3672.9,3950.3
1063,51.363579,0.098549,51.373289,0.089119,3444.4193122938186,3509.4,3712.7
1064,51.36714,0.120211,51.373289,0.089119,3449.9597779697156,3490.1,3849
1065,51.312317,0.035579,51.373289,0.089119,3473.4553368025818,-1.0,-1.0
1066,51.36318,0.109239,51.373289,0.089119,3473.878795828706,3703.2,4075.3
1067,51.387417,0.03888,51.373289,0.089119,3475.7238770928675,3592.6,4314.3
1068,51.39042,0.069566,51.373289,0.089119,3478.4583507452303,3611.9,4156
1069,51.366122,0.100181,51.373289,0.089119,3482.6249334991353,3538.3,3750.5
1070,51.38495,0.062738,51.373289,0.089119,3483.747043814127,3657.4,4158.1
1071,51.362651,0.083601,51.373289,0.089119,3495.2276944559976,3608.8,3868.7
1072,51.363441,0.110437,51.373289,0.089119,3509.8946106213375,3723,4082.4
1073,51.359199,0.085731,51.373289,0.089119,3513.8015967587726,3545.5,3837.7
1074,51.411709,0.113374,51.373289,0.089119,3518.1674856149216,3636.7,4686.5
1075,51.366122,0.100181,51.373289,0.089119,3518.23243476202,3541.7,3750.5
1076,51.387122,0.078479,51.373289,0.089119,3519.7861878928243,3617.2,3977.5
1077,51.387191,0.114103,51.366065,0.055464,3523.2639840020383,3759.4,4674.9
1078,51.372546,0.087542,51.373289,0.089119,3525.132367619366,3548.5,3645.8
1079,51.392991,0.054097,51.373289,0.089119,3530.7854406701035,3653.8,4242.6
1080,51.387122,0.078479,51.373289,0.089119,3531.5322876410874,3617.2,3977.5
1081,51.359077,0.110302,51.373289,0.089119,3535.303385395917,3747.4,4220.2
1082,51.315575,0.034027,51.373289,0.089119,3536.8121589537864,-1.0,-1.0
1083,51.369828,0.089962,51.373289,0.089119,3538.6394155550825,3632.5,3778.1
1084,51.421226,0.067638,51.373289,0.089119,3540.9330386377283,4034.5,4808.3
1085,51.422627,0.107933,51.373289,0.089119,3542.01296959728,3952.6,5121.8
1086,51.36352,0.098566,51.373289,0.089119,3548.891195053657,3675.1,3880.4
1087,51.406868,0.076718,51.373289,0.089119,3551.68365671999,3905.8,4753.4
1088,51.371552,0.121628,51.376815,0.099875,3558.533161417769,3604.8,3935.3
1089,51.381721,0.103314,51.392107,0.113117,3565.500363792687,3781.9,4022.2
1090,51.405671,0.048299,51.373289,0.089119,3568.561013755687,3815.3,4880.8
1091,51.363707,0.06882,51.373289,0.089119,3580.7553504717216,3787.8,4246.5
1092,51.383258,0.08116,51.373289,0.089119,3585.5495795519205,3613.4,3947.3
1093,51.377192,0.083283,51.373289,0.089119,3586.389451317514,3600,3808.6
1094,51.393442,0.034359,51.373289,0.089119,3586.574251889777,3968.7,4804.8
1095,51.418293,0.128845,51.373289,0.089119,3587.73772407875,3808.4,4686.5
1096,51.369828,0.089962,51.373289,0.089119,3597.6428273426795,3632.5,3778.1
1097,51.384008,0.078137,51.373289,0.089119,3599.5813366728166,3628.7,3942.7
1098,51.372546,0.087542,51.373289,0.089119,3600.7821606124494,3631.4,3724
1099,51.361702,0.097327,51.373289,0.089119,3602.8379191842423,3708.1,4029.6
1100,51.36714,0.120211,51.373289,0.089119,3604.9286438967783,3815.3,4176.1
1101,51.408169,0.098927,51.373289,0.089119,3608.926941235248,3802.2,4379.3
1102,51.389245,0.069895,51.373289,0.089119,3610.199306198187,3662,4156
1103,51.369828,0.089962,51.373289,0.089119,3619.4941107307163,3632.5,3778.1
1104,51.392918,0.032157,51.373289,0.089119,3628.211791190661,3949.5,4804.8
1105,51.359199,0.085731,51.373289,0.089119,3633.208311571246,3725.9,4038.5
1106,51.384008,0.078137,51.373289,0.089119,3638.8475710912426,3661.7,3974.1
1107,51.369828,0.089962,51.373289,0.089119,3639.6743867226432,3752.5,3898.1
1108,51.360806,0.10564,51.373289,0.089119,3640.4517576335993,3779.4,4075.3
1109,51.38674,0.0711,51.373289,0.089119,3642.5350720059996,3735.6,4156
1110,51.39686,0.096915,51.41796,0.089729,3643.8495026966375,3930.2,4487.5
1111,51.375015,0.014733,51.373289,0.089119,3645.827313896795,3847.5,4646
1112,51.353438,0.095622,51.373289,0.089119,3647.824689929994,3934.6,4334.7
1113,51.385857,0.066954,51.373289,0.089119,3648.5408746070884,3784.1,4218.4
1114,51.378707,0.099396,51.373289,0.089119,3651.663667256189,3720.4,3921.5
1115,51.378707,0.099396,51.373289,0.089119,3659.9070991746667,3720.4,3921.5
1116,51.389666,0.120895,51.362571,0.095189,3660.661417327086,4039.7,4750.6
1117,51.374589,0.107636,51.373289,0.089119,3660.7752883559406,3704.7,3944.1
1118,51.384008,0.078137,51.373289,0.089119,3662.0927005785757,3695.6,4005.6
1119,51.359199,0.085731,51.373289,0.089119,3667.2148784727538,3725.9,4038.5
1120,51.387592,0.114488,51.373289,0.089119,3667.6893793537492,3775.2000000000003,4302.7
1121,51.377957,0.111321,51.373289,0.089119,3671.3881526029395,3826.5,4130.4
1122,51.385857,0.066954,51.373289,0.089119,3672.515099359169,3784.1,4218.4
1123,51.386313,0.045252,51.373289,0.089119,3674.607307635788,3990.1,4736.1
1124,51.384917,0.082606,51.373289,0.089119,3679.1233477781857,3861.1,4367.6
1125,51.394784,0.123207,51.373289,0.089119,3683.545991095447,4158.5,4736.7
1126,51.371462,0.068718,51.373289,0.089119,3693.8058457760094,3836.5,4110.5
1127,51.383163,0.081111,51.373289,0.089119,3700.4808017582595,3887,4243.7
1128,51.387278,0.089104,51.373289,0.089119,3704.935971164667,3929.6000000000004,4263.7
1129,51.36318,0.109239,51.373289,0.089119,3708.3542781504793,3771.7,4082.4
1130,51.354854,0.101794,51.373289,0.089119,3708.9864544478914,3999.7,4405.6
1131,51.361702,0.097327,51.373289,0.089119,3711.1979851438286,3727.6,4029.6
1132,51.353438,0.095622,51.373289,0.089119,3711.827435856626,3934.6,4334.7
1133,51.376235,0.122352,51.373289,0.089119,3716.5439929685012,4037.5,4508.3
1134,51.363608,0.098554,51.373289,0.089119,3722.907446177553,3864.2,4068.3
1135,51.376122,0.017745,51.373289,0.089119,3725.5608949219345,3804.5,4646
1136,51.374278,0.063239,51.372635,0.097794,3729.6004066832,3958.1,4237.9
1137,51.403993,0.110542,51.373289,0.089119,3730.6206143464265,4164.2,4859.8
1138,51.363579,0.098549,51.373289,0.089119,3730.6670843603983,3864.6,4068.3
1139,51.390368,0.069627,51.373289,0.089119,3733.21379047311,3824,4242.6
1140,51.397737,0.051201,51.373289,0.089119,3735.7364894705415,3867,4516
1141,51.36714,0.120211,51.373289,0.089119,3737.9285799777767,3815.3,4176.1
1142,51.397737,0.051201,51.373289,0.089119,3742.994536073662,3867,4516
1143,51.408169,0.098927,51.373289,0.089119,3750.9110107293413,3802.2999999999997,4379.3
1144,51.423588,0.109037,51.373289,0.089119,3752.4521000589843,3816.1,5121.8
1145,51.359199,0.085731,51.373289,0.089119,3757.053329281539,3930.8,4213.4
1146,51.365635,0.098214,51.373289,0.089119,3757.0694116018963,3888.9,4078
1147,51.394784,0.123207,51.373289,0.089119,3758.262273923965,4158.5,4736.7
1148,51.362212,0.091756,51.373289,0.089119,3760.3661958927737,3832.7,4038.5
1149,51.362651,0.083601,51.373289,0.089119,3768.6128031325816,3918.8,4257.9
1150,51.379926,0.08453,51.373289,0.089119,3769.255177840599,3993.6,4295.9
1151,51.367544,0.096128,51.365274,0.064172,3769.499117436235,3858.5,4187.8
1152,51.397793,0.09717,51.373289,0.089119,3773.8915242710455,4221.5,4822.7
1153,51.376039,0.05006,51.365337,0.064251,3775.5323570923056,4301.6,4712.8
1154,51.392796,0.072216,51.367227,0.104178,3777.2113507815784,4117.8,4898.2
1155,51.374589,0.107636,51.373289,0.089119,3778.7757852177697,3916.2,4323.5
1156,51.38674,0.0711,51.373289,0.089119,3778.8309203200624,3924.6,4314.3
1157,51.366691,0.082858,51.373289,0.089119,3779.383137938091,3818.9,3976.7
1158,51.362898,0.108847,51.382471,0.045073,3781.7332214497296,4030.0,4912.6
1159,51.387265,0.089019,51.373289,0.089119,3783.40459324214,3929.3,4263.7
1160,51.359077,0.110302,51.373289,0.089119,3783.6598689429907,3877.4,4405.6
1161,51.387278,0.089104,51.373289,0.089119,3786.6247077346807,3929.6000000000004,4263.7
1162,51.387122,0.078479,51.373289,0.089119,3788.8882782670908,3924.6,4367.6
1163,51.371741,0.042793,51.373289,0.089119,3788.996739900272,4184,4796.7
1164,51.363707,0.06882,51.373289,0.089119,3791.262997068262,3833,4246.5
1165,51.371552,0.121628,51.376815,0.099875,3797.8055536427746,4142.6,4533.9
1166,51.304181,0.039261,51.373289,0.089119,3800.0391255226536,-1.0,-1.0
1167,51.383163,0.081111,51.373289,0.089119,3801.2072907690836,3887,4243.7
1168,51.401988,0.103609,51.381191,0.104231,3802.8844499009533,4245.8,4812.5
1169,51.383856,0.117846,51.373289,0.089119,3807.497837755498,3873,4302.7
1170,51.36318,0.109239,51.373289,0.089119,3817.032072316501,3909.8,4220.2
1171,51.393921,0.105288,51.373289,0.089119,3818.1705888337638,4233.1,4728.3
1172,51.394784,0.123207,51.373289,0.089119,3819.759020329459,4158.5,4736.7
1173,51.383856,0.117846,51.373289,0.089119,3837.1454900150975,3873,4302.7
1174,51.394739,0.075845,51.373289,0.089119,3842.047878986084,4214.6,4782.9
1175,51.363602,0.096649,51.373289,0.089119,3842.9939015277782,4045,4299.6
1176,51.354854,0.101794,51.373289,0.089119,3845.853860807878,3999.7,4405.6
1177,51.369569,0.093063,51.373289,0.089119,3847.503536946874,3921.4,4034.9
1178,51.332266,0.024189,51.373289,0.089119,3848.2725853684497,-1.0,-1.0
1179,51.384008,0.078137,51.373289,0.089119,3852.875843304731,3928.6,4242.6
1180,51.38593,0.101273,51.373289,0.089119,3854.821997221348,4213.3,4720.9
1181,51.387278,0.089104,51.373289,0.089119,3858.7156773252377,3929.6000000000004,4263.7
1182,51.374262,0.105042,51.373289,0.089119,3859.7690413412233,4040.7,4274
1183,51.411243,0.054439,51.373289,0.089119,3860.7553648700714,3987.8,4880.8
1184,51.377208,0.078399,51.373289,0.089119,3863.6081770394153,3917.1,4156
1185,51.393442,0.034359,51.373289,0.089119,3864.2372271343306,3968.7999999999997,4804.8
1186,51.36318,0.109239,51.373289,0.089119,3865.8173761605517,3909.9,4220.2
1187,51.36975,0.081367,51.373289,0.089119,3869.8332018004644,3930.2,4109.9
1188,51.361479,0.107549,51.373289,0.089119,3870.2457169482104,4137.3,4460.2
1189,51.420579,0.061099,51.373289,0.089119,3876.35753624855,3962,4808.3
1190,51.371822,0.056715,51.373289,0.089119,3877.4972038164433,4161.4,4550.3
1191,51.401571,0.108879,51.373289,0.089119,3882.6333394616563,4236.2,4859.8
1192,51.421544,0.060143,51.382413,0.045041,3884.0889960224454,4389,5067.5
1193,51.372641,0.097814,51.373289,0.089119,3886.0697084949393,3955.1,4077
1194,51.392942,0.09599,51.362432,0.095065,3889.973638045057,4202.2,4733.1
1195,51.392991,0.054097,51.373289,0.089119,3893.561730599567,3974.2,4516
1196,51.36975,0.081367,51.373289,0.089119,3897.677080370692,3930.2,4109.9
1197,51.371822,0.056715,51.373289,0.089119,3901.084534688641,4161.4,4550.3
1198,51.387592,0.114488,51.373289,0.089119,3902.9651466404684,4230.9,4649.3
1199,51.37176,0.056793,51.373289,0.089119,3906.0857203028713,4161.5,4550.3
1200,51.375793,0.107093,51.373289,0.089119,3906.3436929477343,4024.8,4323.5
1201,51.312317,0.035579,51.373289,0.089119,3906.5159338899953,-1.0,-1.0
1202,51.386154,0.060555,51.373289,0.089119,3913.3109799239114,4237.8,4736.1
1203,51.36379,0.095382,51.373289,0.089119,3914.486211079829,4007.8,4299.6
1204,51.377739,0.116504,51.373289,0.089119,3914.5420913057933,4128.6,4508.3
1205,51.369122,0.063625,51.373289,0.089119,3918.6266135406086,4147.6,4472.4
1206,51.37176,0.056793,51.373289,0.089119,3920.5226665012765,4161.5,4550.3
1207,51.400292,0.10827,51.41914,0.072061,3921.8925619489164,4062.7,4469.6
1208,51.387278,0.089104,51.373289,0.089119,3922.098346208617,4034,4394.3
1209,51.36379,0.095382,51.373289,0.089119,3923.176641901226,4007.8,4299.6
1210,51.352513,0.091851,51.373289,0.089119,3923.4833603250745,3997.8,4334.7
1211,51.361702,0.097327,51.373289,0.089119,3923.610245548972,4134.9,4473.3
1212,51.372613,0.016006,51.373289,0.089119,3924.3761304136174,4036.8,4646
1213,51.311086,0.034008,51.373289,0.089119,3925.0874874038427,-1.0,-1.0
1214,51.397737,0.051201,51.373289,0.089119,3928.264884739928,4149.6,4804.8
1215,51.362667,0.083672,51.373289,0.089119,3932.7595713653564,3998.2,4257.9
1216,51.359077,0.110302,51.373289,0.089119,3940.0065243900317,4210.7,4604.3
1217,51.383856,0.117846,51.373289,0.089119,3941.35136095376,4287.3,4718.7
1218,51.365127,0.038367,51.316074,0.0447,3942.127283451288,4300.8,5063.3
1219,51.401988,0.103609,51.381191,0.104231,3946.360957950896,4245.8,4812.5
1220,51.36318,0.109239,51.373289,0.089119,3949.4767228048995,4026.4,4348.1
1221,51.39086,0.103895,51.407694,0.073487,3950.9500869460435,4294.8,4631.8
1222,51.368738,0.055865,51.369416,0.035622,3952.706623867534,4216.3,4461.4
1223,51.387122,0.078479,51.373289,0.089119,3954.1670493451325,3988.3,4367.6
1224,51.315575,0.034027,51.373289,0.089119,3956.2185989587133,-1.0,-1.0
1225,51.386154,0.060555,51.373289,0.089119,3958.213837508149,4237.8,4736.1
1226,51.304181,0.039261,51.373289,0.089119,3959.102868031316,-1.0,-1.0
1227,51.377208,0.078399,51.373289,0.089119,3961.6831906383504,4002.4,4243.7
1228,51.360806,0.10564,51.373289,0.089119,3962.931256182549,4101.9,4460.2
1229,51.386181,0.070901,51.373289,0.089119,3963.596659609437,4324.5,4726.7
1230,51.313766,0.024346,51.373289,0.089119,3965.4929778286373,-1.0,-1.0
1231,51.369569,0.093063,51.373289,0.089119,3972.661221007751,4045.2,4158.8
1232,51.395533,0.12514,51.386682,0.0346,3975.190375420824,4133.9,5363.9
1233,51.408169,0.098927,51.373289,0.089119,3980.191844153133,4113.5,4686.5
1234,51.361479,0.107549,51.373289,0.089119,3981.7064764441343,4137.3,4460.2
1235,51.408169,0.098927,51.373289,0.089119,3988.6536232480853,4184.4,4753.4
1236,51.371216,0.120965,51.373289,0.089119,3992.2119333109254,4150.0,4754.3
1237,51.379202,0.101517,51.373289,0.089119,3998.7494704383676,4061.6,4331.8
1238,51.375793,0.107093,51.373289,0.089119,4015.195308956112,4024.8,4323.5
1239,51.39042,0.069566,51.373289,0.089119,4016.2495621052494,4397.7,4903.5
1240,51.383856,0.117846,51.373289,0.089119,4016.7100297099487,4287.3,4718.7
1241,51.374589,0.107636,51.373289,0.089119,4022.8496170433773,4126.2,4365.3
1242,51.383856,0.117846,51.373289,0.089119,4023.2064976835068,4287.3,4718.7
1243,51.366691,0.082858,51.373289,0.089119,4027.310731731726,4100.9,4256.8
1244,51.354747,0.101483,51.377317,0.100887,4030.651178933938,4334.7,4960.8
1245,51.394739,0.075845,51.373289,0.089119,4032.1598808435165,4214.6,4782.9
1246,51.423287,0.062658,51.373289,0.089119,4040.236894128218,4128.6,4808.3
1247,51.387122,0.078479,51.373289,0.089119,4044.203468228266,4307.2,4667.5
1248,51.377192,0.083283,51.373289,0.089119,4047.805475150381,4164.3,4454.4
1249,51.406061,0.092701,51.426083,0.102051,4048.6766757577693,4154.4,4684.9
1250,51.384008,0.078137,51.373289,0.089119,4048.895819391257,4059.5,4367.6
1251,51.405671,0.048299,51.373289,0.089119,4056.560638582386,4674,-1.0
1252,51.38408,0.115081,51.376816,0.099724,4062.7855898696057,4326.9,4537.9
1253,51.36975,0.081367,51.373289,0.089119,4063.379839809317,4193.8,4373.5
1254,51.401226,0.116967,51.373289,0.089119,4063.536202791377,4522.7,5104.3
1255,51.366691,0.082858,51.373289,0.089119,4064.101041773212,4100.9,4256.8
1256,51.389666,0.120895,51.362571,0.095189,4064.3349463707073,4116.7,4750.6
1257,51.405966,0.064753,51.373289,0.089119,4065.874436242852,4184.5,4880.8
1258,51.379926,0.08453,51.373289,0.089119,4069.885309476343,4255.6,4555.8
1259,51.393921,0.105288,51.373289,0.089119,4070.1638194129614,4233.1,4728.3
1260,51.315575,0.034027,51.373289,0.089119,4071.0327549588087,-1.0,-1.0
1261,51.372546,0.087542,51.373289,0.089119,4072.8664176934667,4114.9,4213.7
1262,51.306543,0.046027,51.373289,0.089119,4074.397142279025,-1.0,-1.0
1263,51.389729,0.092299,51.373289,0.089119,4079.083180275299,4538.7,5049.9
1264,51.306689,0.036265,51.373289,0.089119,4080.4223971073675,-1.0,-1.0
1265,51.395508,0.096271,51.373289,0.089119,4083.6825167950415,4299.7,4822.7
1266,51.417305,0.115911,51.373289,0.089119,4083.7940030938057,4217.5,5121.8
1267,51.392592,0.0835,51.373289,0.089119,4086.443995534035,4399.4,5026.4
1268,51.394784,0.123207,51.373289,0.089119,4086.5934665985437,4158.5,4736.7
1269,51.315575,0.034027,51.373289,0.089119,4087.7255241768544,-1.0,-1.0
1270,51.408169,0.098927,51.373289,0.089119,4088.160891368958,4184.5,4753.4
1271,51.397793,0.09717,51.373289,0.089119,4094.440383147434,4221.5,4822.7
1272,51.362667,0.083672,51.373289,0.089119,4097.759934180832,4308.8,4563.8
1273,51.393375,0.071298,51.373289,0.089119,4098.47619733965,4131.400000000001,4651.6
1274,51.363602,0.096649,51.373289,0.089119,4100.146624949421,4206.9,4473.3
1275,51.359444,0.085241,51.373289,0.089119,4101.245175471667,4300.2,4587.2
1276,51.383683,0.055719,51.373289,0.089119,4107.368817759584,4621.6,5294.5
1277,51.386181,0.070901,51.373289,0.089119,4111.281310705786,4324.5,4726.7
1278,51.377208,0.078399,51.373289,0.089119,4116.473757723535,4213.8,4454.4
1279,51.353438,0.095622,51.373289,0.089119,4117.3503583029305,4534.6,5082.2
1280,51.391474,0.048143,51.373289,0.089119,4118.551428592238,4680.6,5252.2
1281,51.397793,0.09717,51.373289,0.089119,4124.489210130336,4221.5,4822.7
1282,51.397793,0.09717,51.373289,0.089119,4125.105472019358,4563.3,5164.9
1283,51.36379,0.095382,51.373289,0.089119,4125.725952780421,4238.8,4473.3
1284,51.359199,0.085731,51.373289,0.089119,4130.7342949627555,4294.5,4587.2
1285,51.393354,0.125955,51.373289,0.089119,4130.794036755067,4658,5263.7
1286,51.311086,0.034008,51.373289,0.089119,4136.2829327025975,-1.0,-1.0
1287,51.389245,0.069895,51.373289,0.089119,4136.708767776062,4344.3,4736.1
1288,51.377957,0.111321,51.373289,0.089119,4137.219239329751,4199.1,4508.3
1289,51.359077,0.110302,51.373289,0.089119,4143.048795022528,4210.7,4604.3
1290,51.37176,0.056793,51.373289,0.089119,4145.690024301598,4373.5,4761.1
1291,51.356958,0.138095,51.365711,0.059512,4148.03550596874,4540.4,5291.7
1292,51.362882,0.108944,51.367496,0.076858,4151.047090860754,4412.3,4827.7
1293,51.38495,0.062738,51.373289,0.089119,4151.145568712235,4570.7,5070
1294,51.393375,0.071298,51.373289,0.089119,4156.609822340217,4209.9,4651.6
1295,51.363602,0.096649,51.373289,0.089119,4159.45521495961,4206.9,4473.3
1296,51.426256,0.109774,51.373289,0.089119,4162.788812947436,4347.5,5121.8
1297,51.386181,0.070901,51.373289,0.089119,4163.440939293603,4324.5,4726.7
1298,51.352513,0.091851,51.373289,0.089119,4167.257801726516,4461.8,4796.6
1299,51.371822,0.056715,51.373289,0.089119,4167.446113655384,4373.4,4761.1
1300,51.387122,0.078479,51.373289,0.089119,4168.68283359387,4307.2,4667.5
1301,51.36352,0.098566,51.373289,0.089119,4169.189154097908,4255.9,4460.2
1302,51.394784,0.123207,51.373289,0.089119,4169.304179265819,4675.5,5279.9
1303,51.312317,0.035579,51.373289,0.089119,4169.415494518995,-1.0,-1.0
1304,51.423164,0.061406,51.407703,0.073603,4175.415167266999,4352.1,4596.2
1305,51.308226,0.037141,51.373289,0.089119,4182.585503666812,-1.0,-1.0
1306,51.377739,0.116504,51.373289,0.089119,4187.478091780425,4332.9,4754.3
1307,51.393354,0.125955,51.373289,0.089119,4187.866059910705,4658,5263.7
1308,51.377739,0.116504,51.373289,0.089119,4188.6087647539525,4332.9,4754.3
1309,51.387592,0.114488,51.373289,0.089119,4191.112320007093,4230.9,4649.3
1310,51.360806,0.10564,51.373289,0.089119,4199.255881021091,4402.1,4694.7
