102,51.395508,0.096271,51.373289,0.089119,606.2130156383748,750.7,1278.8
103,51.392027,0.111732,51.373289,0.089119,622.7625809298291,637.8,1034.4
104,51.36714,0.120211,51.373289,0.089119,628.7128559683242,726.9,1087.2
105,51.372613,0.016006,51.373289,0.089119,642.3426472449934,765.7,1375.3
106,51.362667,0.083672,51.373289,0.089119,646.1402268768833,666.2,923.2
107,51.405671,0.048299,51.373289,0.089119,661.1232246929583,840.2,1701.9
108,51.419111,0.075381,51.373289,0.089119,665.1872834107885,866.9,1564.8
109,51.311086,0.034008,51.373289,0.089119,669.9760320428744,883.1,2147.1
110,51.387592,0.114488,51.373289,0.089119,670.8225291219227,798.9,1332.6
111,51.306543,0.046027,51.373289,0.089119,677.6084977619092,983.3,2147.1
112,51.359077,0.110302,51.373289,0.089119,680.7873530269981,835,1191.8
113,51.411709,0.113374,51.373289,0.089119,681.6290687082678,740.6,1361.4
114,51.384917,0.082606,51.373289,0.089119,685.6727217160504,764.6,1105.8
115,51.36714,0.120211,51.373289,0.089119,695.1530750074277,726.9,1087.2
116,51.392836,0.096084,51.373289,0.089119,697.8711683759412,820.3,1272.6
117,51.362882,0.108944,51.367496,0.076858,699.8287603718506,854.9,1266.9
118,51.389666,0.120895,51.362571,0.095189,705.724760528851,720,1299.9
119,51.39086,0.103895,51.407694,0.073487,707.9859453338686,810.2,1144.7
120,51.311086,0.034008,51.373289,0.089119,709.2164023789262,864.9,2328.5
121,51.36714,0.120211,51.373289,0.089119,711.2603331962328,726.9,1087.2
122,51.37176,0.056793,51.373289,0.089119,712.5776562943455,873.3,1431.2
123,51.421544,0.060143,51.382413,0.045041,714.0910373679209,924,1472.4
124,51.359199,0.085731,51.373289,0.089119,714.832879594599,933.6999999999999,1214.8
125,51.376235,0.122352,51.373289,0.089119,718.0058966332298,992.1,1418.5
126,51.369122,0.063625,51.373289,0.089119,723.0090779809206,798,1126.6
127,51.371216,0.120965,51.373289,0.089119,729.2670830720515,1000.3,1394.4
128,51.371462,0.068718,51.373289,0.089119,734.821655694246,860.1,1164.5
129,51.403993,0.110542,51.373289,0.089119,735.6669743909378,917.8,1469.9
130,51.383683,0.055719,51.373289,0.089119,744.9071538237043,904.1,1516.7
131,51.391474,0.048143,51.373289,0.089119,749.4494454024391,988.9,1560.2
132,51.377739,0.116504,51.373289,0.089119,756.882327248844,845.8,1418.5
133,51.353438,0.095622,51.373289,0.089119,759.4059312461275,1054.6,1539.1
134,51.406868,0.076718,51.373289,0.089119,762.1332147475886,925.1,1501.5
135,51.391005,0.084979,51.373289,0.089119,765.8135520083953,785.7,1183
136,51.358061,0.09107,51.373289,0.089119,771.8669896383813,1002.9,1280.3
137,51.387122,0.078479,51.373289,0.089119,783.0018725019594,826.3,1187.2
138,51.38334,0.116198,51.373289,0.089119,790.8541855713237,927.7,1366.8
139,51.363579,0.098549,51.373289,0.089119,793.3900821563495,952.6999999999999,1156
140,51.383856,0.117846,51.373289,0.089119,801.7136323750275,902.7,1332.6
141,51.304181,0.039261,51.373289,0.089119,809.7808414219446,1016.9,2328.5
142,51.4096,0.053079,51.373289,0.089119,809.8286189226762,992.4,1701.9
143,51.365635,0.098214,51.373289,0.089119,811.9082295894913,975.6,1236.3
144,51.372613,0.016006,51.373289,0.089119,813.8812255558773,1111.1,1765.6
145,51.38279,0.058729,51.365276,0.064394,822.3853510705752,1044.4,1607.3
146,51.363608,0.098554,51.373289,0.089119,823.9464963577882,952.3,1156
147,51.371462,0.068718,51.373289,0.089119,832.9116680809245,860.1,1164.5
148,51.371216,0.120965,51.373289,0.089119,838.3432734125522,1000.3,1394.4
149,51.36714,0.120211,51.373289,0.089119,839.872584956486,995.3,1356.1
150,51.386181,0.070901,51.373289,0.089119,848.9618113160448,957.5,1363.4
151,51.371462,0.068718,51.373289,0.089119,850.3572043112003,881.8,1164.5
152,51.306952,0.023171,51.373289,0.089119,851.6393006997198,1296.3,2810.2
153,51.377739,0.116504,51.373289,0.089119,854.8954199117818,893.2,1418.5
154,51.356318,0.099467,51.373289,0.089119,860.0615417859959,1159.6,1613.9
155,51.371741,0.042793,51.373289,0.089119,861.9339795026918,953.9,1409.4
156,51.379202,0.101517,51.373289,0.089119,861.9482246491339,926.9,1196.6
157,51.369569,0.093063,51.373289,0.089119,871.1777512644015,939.8,1052.2
158,51.356318,0.099467,51.373289,0.089119,873.7765466266005,1159.6,1613.9
159,51.359199,0.085731,51.373289,0.089119,875.0451136342592,933.6999999999999,1214.8
160,51.371822,0.056715,51.373289,0.089119,881.5516753362716,921.3,1431.2
161,51.392836,0.096084,51.373289,0.089119,886.4588335833971,1000.8,1452.7
162,51.38678,0.079373,51.373289,0.089119,904.5623999941332,1008.5,1395.3
163,51.361479,0.107549,51.373289,0.089119,905.7654734581939,1131.8,1460.2
164,51.359176,0.085596,51.36659,0.066972,907.8281541651629,932.8,1496.7
165,51.376122,0.017745,51.373289,0.089119,921.2480436515455,1169.7,1765.6
166,51.394784,0.123207,51.373289,0.089119,927.2412040424624,1273.3,2017.2
167,51.366122,0.100181,51.373289,0.089119,939.3393474984496,1028.6,1236.3
168,51.395508,0.096271,51.373289,0.089119,950.9901956012225,1083.2,1609.8
169,51.392592,0.0835,51.373289,0.089119,952.2370213809664,1067,1513.4
170,51.366122,0.100181,51.373289,0.089119,956.7588370187773,1028.6,1236.3
171,51.363707,0.06882,51.373289,0.089119,966.6114943893416,1257.1,1667.9
172,51.37176,0.056793,51.373289,0.089119,970.3015464545756,1043.9,1431.2
173,51.354854,0.101794,51.373289,0.089119,970.9147391310407,1130.3,1539.1
174,51.387278,0.089104,51.373289,0.089119,982.2058458770208,1050.1,1383.9
175,51.395508,0.096271,51.373289,0.089119,987.0806216647152,1083.2,1609.8
176,51.385857,0.066954,51.373289,0.089119,998.7067565104276,1079.9,1516.7
177,51.36318,0.109239,51.373289,0.089119,1014.8622564057662,1144.5,1455.5
178,51.372641,0.097814,51.373289,0.089119,1026.7554201802966,1069.1,1189.4
179,51.377957,0.111321,51.373289,0.089119,1042.70354667286,1085.2,1391.2
180,51.384597,0.103294,51.416012,0.117947,1043.3379326505508,1193,1721.3
181,51.315575,0.034027,51.373289,0.089119,1046.7231762704723,1250.9,2690.1
182,51.377192,0.083283,51.373289,0.089119,1056.6022437716342,1144.7,1351.5
183,51.371741,0.042793,51.373289,0.089119,1075.4715641449277,1391.9,1851.7
184,51.383258,0.08116,51.373289,0.089119,1082.9908204609746,1183.4,1517.3
185,51.359199,0.085731,51.373289,0.089119,1089.7929377439395,1191.9,1512.6
186,51.374278,0.063239,51.372635,0.097794,1094.382997582459,1238.4,1518.8
187,51.401226,0.116967,51.373289,0.089119,1107.3652079886047,1462.7,2034.2
188,51.384008,0.078137,51.373289,0.089119,1124.49583439638,1181.5,1487.9
189,51.423287,0.062658,51.373289,0.089119,1126.972594612973,1281.8,1982.2
190,51.383163,0.081111,51.373289,0.089119,1129.574250949976,1178.9,1517.3
191,51.365635,0.098214,51.373289,0.089119,1135.511522299884,1160,1348.7
192,51.397793,0.09717,51.373289,0.089119,1135.6037347568658,1326.2,1860
193,51.378707,0.099396,51.373289,0.089119,1136.0477164451408,1207,1406.1
194,51.36714,0.120211,51.373289,0.089119,1136.077242528484,1269.6,1628.7
195,51.409062,0.062033,51.373289,0.089119,1142.18626798082,1284.4,1925.8
196,51.401988,0.103609,51.381191,0.104231,1145.3624819005338,1494.9,1915.5
197,51.377739,0.116504,51.373289,0.089119,1147.7631750125743,1350.1,1721.9
198,51.401988,0.103609,51.381191,0.104231,1150.085791430308,1494.9,1915.5
199,51.387191,0.114103,51.366065,0.055464,1150.2266542563234,1369.8,2031.4
200,51.392796,0.072216,51.367227,0.104178,1153.7698555533843,1190.8,1744.5
201,51.362608,0.097022,51.373289,0.089119,1156.5231905196222,1307,1562
202,51.362913,0.069291,51.377894,0.101348,1158.8986186728232,1378.3,1751.8
203,51.359444,0.085241,51.373289,0.089119,1169.2233349649828,1197.6000000000001,1512.6
204,51.38678,0.079373,51.373289,0.089119,1169.9145925908265,1298.2,1684.3
205,51.390368,0.069627,51.373289,0.089119,1182.2044122030245,1292.2,1701.5
206,51.369122,0.063625,51.373289,0.089119,1198.9912327505726,1298.8,1623.6
207,51.353215,0.095823,51.373289,0.089119,1200.8995117574746,1299.8,1671.8
208,51.362651,0.083601,51.373289,0.089119,1204.7149859704682,1364.4,1621.7
209,51.312317,0.035579,51.373289,0.089119,1218.3713762161772,1575.1,2810.2
210,51.30615,0.042296,51.373289,0.089119,1220.8246498944122,1699.7,2810.2
211,51.365635,0.098214,51.373289,0.089119,1229.1638375333084,1311.7,1499.6
212,51.397737,0.051201,51.373289,0.089119,1237.1321120932714,1374.5,2143.2
213,51.371741,0.042793,51.373289,0.089119,1237.5629400845971,1391.9,1851.7
214,51.425058,0.106869,51.373289,0.089119,1249.8743289862564,1485,2484.2
215,51.362212,0.091756,51.373289,0.089119,1252.5880420578144,1307,1512.6
216,51.421544,0.060143,51.382413,0.045041,1257.0748440628515,1542.1,2087.4
217,51.332266,0.024189,51.373289,0.089119,1257.460853553276,1502.3,2328.5
218,51.306952,0.023171,51.373289,0.089119,1297.1914600449431,1346,2810.2
219,51.408169,0.098927,51.373289,0.089119,1301.1969673820504,1472.9,2046.1
220,51.377739,0.116504,51.373289,0.089119,1304.431793886157,1350.1,1721.9
221,51.375015,0.014733,51.373289,0.089119,1305.695911095299,1765.7,2401.5
222,51.363782,0.107029,51.373289,0.089119,1312.3459666165838,1439.7,1729.1
223,51.374589,0.107636,51.373289,0.089119,1317.037660659412,1377.6,1616.7
224,51.376235,0.122352,51.373289,0.089119,1318.8290885045585,1555.5,1976.8
225,51.423072,0.10918,51.407821,0.073606,1321.0469835649633,1391.2,1823.6
226,51.384597,0.103294,51.416012,0.117947,1324.3333362048575,1571,2246
227,51.36352,0.098566,51.373289,0.089119,1334.4264441683422,1440,1645.8
228,51.363579,0.098549,51.373289,0.089119,1347.8386571422936,1439.4,1642.7
229,51.394784,0.123207,51.373289,0.089119,1349.3990378560425,1438.9,2017.2
230,51.363579,0.098549,51.373289,0.089119,1353.1772515846158,1439.4,1642.7
231,51.36975,0.081367,51.373289,0.089119,1353.3003093197772,1464.4,1643.9
232,51.368284,0.082987,51.373289,0.089119,1354.4109333110287,1408.4,1643.9
233,51.372546,0.087542,51.373289,0.089119,1371.847484117872,1391.3,1487.9
234,51.363707,0.06882,51.373289,0.089119,1386.195991384813,1649.2,2066.9
235,51.361349,0.064287,51.373289,0.089119,1389.0118785123102,1620.3,1916.3
236,51.417305,0.115911,51.373289,0.089119,1396.5820511700338,1731.6,2391.9
237,51.393375,0.071298,51.373289,0.089119,1401.1693329911463,1521.5,1965.8
238,51.397662,0.122674,51.418611,0.089081,1410.8572091292385,1779.5,2302.4
239,51.363475,0.098595,51.373289,0.089119,1420.5327019002793,1440.8,1645.8
240,51.340601,0.110805,51.373289,0.089119,1421.7679745871117,1679.9,2194.2
241,51.363782,0.107029,51.373289,0.089119,1422.877518856844,1440.3,1729.1
242,51.312317,0.035579,51.373289,0.089119,1432.1558780243906,1633,2690.1
243,51.378707,0.099396,51.373289,0.089119,1432.6735162615194,1540.7,1738.3
244,51.362608,0.097022,51.373289,0.089119,1432.8819604449563,1514.6,1798.9
245,51.417305,0.115911,51.373289,0.089119,1443.9715355076291,1731.6,2391.9
246,51.363602,0.096649,51.373289,0.089119,1450.1908301120598,1544.6,1798.9
247,51.411259,0.054505,51.373289,0.089119,1450.4554261003232,1827.8,2525.8
248,51.381592,0.103512,51.373289,0.089119,1457.9466986763787,1587.4,1900
249,51.359077,0.110302,51.373289,0.089119,1460.0250005048129,1597.5,1956
250,51.386313,0.045252,51.373289,0.089119,1460.4022242107026,1542.1,2276.8
251,51.384008,0.078137,51.373289,0.089119,1477.3603448505314,1531.5,1844.1
252,51.383683,0.055719,51.373289,0.089119,1477.8541368931778,1688.8,2374.5
253,51.38533,0.071763,51.366476,0.066757,1487.954997075869,1587.9,1927.3
254,51.359077,0.110302,51.373289,0.089119,1494.2748749327784,1597.5,1956
255,51.375015,0.014733,51.373289,0.089119,1494.3119858828259,1765.7,2401.5
256,51.383258,0.08116,51.373289,0.089119,1496.7359334432856,1558.8,1892.6
257,51.379202,0.101517,51.373289,0.089119,1499.7251141908807,1590.6,1857.6
258,51.361702,0.097327,51.373289,0.089119,1504.8196893507948,1642.3,1972.7
259,51.387122,0.078479,51.373289,0.089119,1512.958165605353,1564.3,1924.2
260,51.38334,0.116198,51.373289,0.089119,1526.7634571314634,1586.9,2053.1
261,51.383258,0.08116,51.373289,0.089119,1527.7876931821868,1558.8,1892.6
262,51.358061,0.09107,51.373289,0.089119,1532.6868728681113,1640,1921.2
263,51.377208,0.078399,51.373289,0.089119,1537.799204343566,1574,1814.4
264,51.386778,0.07701,51.373289,0.089119,1539.6465173209876,1582.3999999999999,1924.2
265,51.308226,0.037141,51.373289,0.089119,1545.2776278329886,-1.0,-1.0
266,51.383856,0.117846,51.373289,0.089119,1546.7943267035105,1623.7,2053.1
267,51.362667,0.083672,51.373289,0.089119,1551.0608119315862,1631.4,1889.6
268,51.362913,0.069291,51.377894,0.101348,1556.6479805243619,1768.3,2141.8
269,51.394784,0.123207,51.373289,0.089119,1562.5126904584426,1755.9,2335.8
270,51.306952,0.023171,51.373289,0.089119,1563.7874595258697,-1.0,-1.0
271,51.38533,0.071763,51.366476,0.066757,1564.6968562357413,1591.3,1927.3
272,51.360806,0.10564,51.373289,0.089119,1575.6539364676953,1663.6,1993.2
273,51.397662,0.122674,51.418611,0.089081,1590.3043084020558,1779.5,2302.4
274,51.385857,0.066954,51.373289,0.089119,1593.0518948915883,1700.3,2143.2
275,51.369828,0.089962,51.373289,0.089119,1593.741373524106,1712.5,1858.1
276,51.387191,0.114103,51.366065,0.055464,1595.7999130369512,1710.6,2372.8
277,51.386437,0.065909,51.373289,0.089119,1598.893492126894,1687.1,2143.2
278,51.387265,0.089019,51.373289,0.089119,1599.252032612818,1648.1,1982.2
279,51.391474,0.048143,51.373289,0.089119,1601.555987194045,1706.2,2276.8
280,51.363707,0.06882,51.373289,0.089119,1603.7469363318073,1649.2,2066.9
281,51.369828,0.089962,51.373289,0.089119,1608.3803637175254,1712.5,1858.1
282,51.312317,0.035579,51.373289,0.089119,1610.796266691748,1633,2690.1
283,51.36318,0.109239,51.373289,0.089119,1611.7006299331435,1750.4,2060.9
284,51.387278,0.089104,51.373289,0.089119,1614.05065359553,1647.8,1982.2
285,51.369122,0.063625,51.373289,0.089119,1616.953458626436,1749.1,2074.3
286,51.365175,0.038369,51.36752,0.076758,1617.2889952514286,1736.4,2163.5
287,51.306689,0.036265,51.373289,0.089119,1619.5074420482752,-1.0,-1.0
288,51.411862,0.105866,51.362488,0.095046,1621.2714796607377,1968,3026.8
289,51.354732,0.101482,51.377414,0.100986,1641.4160896788608,1845.2,2353.7
290,51.384597,0.103294,51.416012,0.117947,1647.6577074686893,1726.3,2246
291,51.361702,0.097327,51.373289,0.089119,1649.316662690128,1655,1972.7
292,51.386778,0.07701,51.373289,0.089119,1660.9273321963324,1711,2055.3
293,51.36318,0.109239,51.373289,0.089119,1667.476386534881,1750.5,2060.9
294,51.383163,0.081111,51.373289,0.089119,1667.8696796932952,1778.9,2112.9
295,51.360806,0.10564,51.373289,0.089119,1673.425396302283,1696.5,1993.2
296,51.377192,0.083283,51.373289,0.089119,1678.12754541016,1762.8,1975.4
297,51.393125,0.075682,51.373289,0.089119,1678.538248852587,1742.1,2176.7
298,51.394784,0.123207,51.373289,0.089119,1682.132962680874,1755.9,2335.8
299,51.38279,0.058729,51.365276,0.064394,1688.2162264352296,1944.4,2507.3
300,51.36714,0.120211,51.373289,0.089119,1688.906707163118,1710,2060.3
301,51.36714,0.120211,51.373289,0.089119,1691.4886991587807,1710,2060.3
302,51.372641,0.097814,51.373289,0.089119,1694.5623410153337,1720.2,1842.3
303,51.361349,0.064287,51.373289,0.089119,1703.6903212055013,1771,2066.9
304,51.377192,0.083283,51.373289,0.089119,1707.48274357128,1762.8,1975.4
305,51.362608,0.097022,51.373289,0.089119,1708.9088327899042,1716.5,1972.7
306,51.387417,0.03888,51.373289,0.089119,1723.6963887894806,1805.4,2472.8
307,51.374589,0.107636,51.373289,0.089119,1724.7428374562076,1808.8,2049.4
308,51.365635,0.098214,51.373289,0.089119,1724.7892246902745,1748.8,1934
309,51.418051,0.077129,51.373289,0.089119,1727.888234487207,2002.8,2676.1
310,51.384008,0.078137,51.373289,0.089119,1733.9203965993515,1745.1,2055.3
311,51.38495,0.062738,51.373289,0.089119,1736.5504863403232,1870.9,2374.5
312,51.378707,0.099396,51.373289,0.089119,1736.8118623975845,1840.7,2038.3
313,51.387592,0.114488,51.373289,0.089119,1738.5601973374667,1789.8,2213.5
314,51.378707,0.099396,51.373289,0.089119,1740.1686822541353,1840.7,2038.3
315,51.332266,0.024189,51.373289,0.089119,1773.1116528679463,2354.6,3180.2
316,51.387417,0.03888,51.373289,0.089119,1774.3632720628398,1805.4,2472.8
317,51.366122,0.100181,51.373289,0.089119,1776.1699274922985,1863.8,2072.1
318,51.381592,0.103512,51.373289,0.089119,1781.8250747296872,1902.5,2235.2
319,51.38334,0.116198,51.373289,0.089119,1785.0712846474394,1912.5,2354.9
320,51.377192,0.083283,51.373289,0.089119,1789.0435784228544,1874.4,2085.7
321,51.359077,0.110302,51.373289,0.089119,1795.3858433243968,1923.2,2278.3
322,51.305112,0.020112,51.392665,0.034982,1797.7327768211921,-1.0,-1.0
323,51.387265,0.089019,51.373289,0.089119,1805.7569386685873,1842.8,2171.1
324,51.360921,0.075825,51.386599,0.034845,1818.3827769606062,2091.5,2603.7
325,51.393354,0.125955,51.373289,0.089119,1820.276271825198,2030.1,3006.3
326,51.36975,0.081367,51.373289,0.089119,1825.781485900876,1893.1,2073.1
327,51.36318,0.109239,51.373289,0.089119,1839.147270895028,1984.5,2295.7
328,51.374589,0.107636,51.373289,0.089119,1857.3299758401804,1877.3,2116.2
329,51.381121,0.102078,51.407013,0.072698,1860.6758540839703,1955.6,2435.5
330,51.36714,0.120211,51.373289,0.089119,1896.9982105947608,2075.3,2436.1
331,51.38525,0.059724,51.367386,0.104318,1905.8668728386317,2169.3,2839.4
332,51.312317,0.035579,51.373289,0.089119,1907.1766016461654,-1.0,-1.0
333,51.36318,0.109239,51.373289,0.089119,1911.1636816038306,1984.6,2295.7
334,51.383258,0.08116,51.373289,0.089119,1916.4300934911432,1993.6,2327.4
335,51.376235,0.122352,51.373289,0.089119,1917.1108978816858,2027.5,2474
336,51.360806,0.10564,51.373289,0.089119,1918.9822946803529,2085.4,2382.6
337,51.362212,0.091756,51.373289,0.089119,1921.5488543325268,1974.4,2179.9
338,51.312317,0.035579,51.373289,0.089119,1927.3647462496615,-1.0,-1.0
339,51.375793,0.107093,51.373289,0.089119,1942.6089259467612,2114.7,2410.8
340,51.384597,0.103294,51.416012,0.117947,1948.662575176341,2140.8,2664.6
341,51.384008,0.078137,51.373289,0.089119,1953.3413439759142,1981.7,2294.1
342,51.362608,0.097022,51.373289,0.089119,1980.3727649044336,2060,2314.7
343,51.362212,0.091756,51.373289,0.089119,1981.3370721438073,2036.8,2241.6
344,51.36379,0.095382,51.373289,0.089119,1989.4924075525369,2053.1,2289.3
345,51.374589,0.107636,51.373289,0.089119,1992.3951721025041,2086.2,2325.3
346,51.395533,0.12514,51.386682,0.0346,1995.8300533117092,2198.8,3109.1
347,51.383856,0.117846,51.373289,0.089119,1996.743348096979,2147.8,2572.8
348,51.363608,0.098554,51.373289,0.089119,2000.676841430229,2099,2302.7
349,51.387278,0.089104,51.373289,0.089119,2003.1719468641604,2081.5,2410.3
350,51.425058,0.106869,51.373289,0.089119,2009.508472249146,2383.4,3116.7
351,51.371741,0.042793,51.373289,0.089119,2010.1600145593613,2215.6,2685.3
352,51.369122,0.063625,51.373289,0.089119,2016.5122007693822,2145.1,2474.8
353,51.363579,0.098549,51.373289,0.089119,2021.4174252505948,2099.4,2302.7
354,51.391005,0.084979,51.373289,0.089119,2022.4545286484217,2087,2484.2
355,51.366122,0.100181,51.373289,0.089119,2026.7273023233545,2131.6,2340.4
356,51.371741,0.042793,51.373289,0.089119,2030.4063483002733,2215.6,2685.3
357,51.391431,0.048291,51.373289,0.089119,2035.28695407047,2283.1,2924.8
358,51.389245,0.069895,51.373289,0.089119,2043.5669241761484,2072.2,2472.8
359,51.397662,0.122674,51.418611,0.089081,2050.2742678284694,2413.7,2934
360,51.395533,0.12514,51.386682,0.0346,2052.597635293696,2198.9,3109.1
361,51.354732,0.101482,51.377414,0.100986,2060.8556707574157,2236,2744
362,51.354854,0.101794,51.373289,0.089119,2066.8572479032455,2321.1,2730.4
363,51.386154,0.060555,51.373289,0.089119,2076.027397398272,2312.9,2811.9
364,51.311086,0.034008,51.373289,0.089119,2082.64938564285,-1.0,-1.0
365,51.384597,0.103294,51.416012,0.117947,2125.2636712255257,2140.8,2664.6
366,51.410224,0.107669,51.407785,0.07365,2131.6635394349737,2427.2,2792.3
367,51.392027,0.111732,51.373289,0.089119,2131.771096975283,2213.7,2607.5
368,51.401571,0.108879,51.373289,0.089119,2134.1374149230987,2262.6,2836.9
369,51.389729,0.092299,51.373289,0.089119,2140.346644751964,2220,2619.9
370,51.383163,0.081111,51.373289,0.089119,2147.6599083368387,2222.6,2551.6
371,51.394739,0.075845,51.373289,0.089119,2147.872674364741,2324.5,2794.5
372,51.393354,0.125955,51.373289,0.089119,2152.182765777968,2286.3,3006.3
373,51.392991,0.054097,51.373289,0.089119,2152.78378995563,2422,2959.2
374,51.360806,0.10564,51.373289,0.089119,2154.198227089302,2283.9,2579.6
375,51.396666,0.103044,51.374848,0.115339,2158.53797978455,2320.7,2673.2
376,51.304181,0.039261,51.373289,0.089119,2160.339004701415,-1.0,-1.0
377,51.360806,0.10564,51.373289,0.089119,2161.2902767839337,2283.9,2579.6
378,51.354747,0.101483,51.377317,0.100887,2169.60515839471,2236.1,2744
379,51.411259,0.054505,51.373289,0.089119,2173.3624529530734,2292.2,3231.8
380,51.35808,0.090973,51.373289,0.089119,2187.0781045797903,2329.9,2611
381,51.37176,0.056793,51.373289,0.089119,2195.934366262934,2331,2719
382,51.371552,0.121628,51.376815,0.099875,2215.276900563265,2339.2,2671.6
383,51.371741,0.042793,51.373289,0.089119,2216.8654944503637,2224.2,2685.3
384,51.36318,0.109239,51.373289,0.089119,2230.0308315996836,2284.2,2595.5
385,51.390716,0.105521,51.396915,0.106306,2234.1591438344753,2337.3,2674.3
386,51.394819,0.121873,51.373289,0.089119,2246.7548560202736,2490.4,3046.9
387,51.315575,0.034027,51.373289,0.089119,2248.1511168575857,-1.0,-1.0
388,51.379926,0.08453,51.373289,0.089119,2249.626078864203,2327.8,2627.9
389,51.372546,0.087542,51.373289,0.089119,2250.903638346559,2281.9,2374.5
390,51.397662,0.122674,51.418611,0.089081,2257.473692813636,2413.7,2934
391,51.372465,0.078545,51.375813,0.100675,2269.188298754673,2336.7,2550.4
392,51.36318,0.109239,51.373289,0.089119,2279.6548461436428,2284.2999999999997,2595.5
393,51.315575,0.034027,51.373289,0.089119,2283.7923361397757,2897.2,4338.1
394,51.383258,0.08116,51.373289,0.089119,2284.9666325820117,2391.3,2725.5
395,51.312317,0.035579,51.373289,0.089119,2298.629600704999,-1.0,-1.0
396,51.372859,0.1031,51.373289,0.089119,2298.7180999785514,2320.6,2474
397,51.377192,0.083283,51.373289,0.089119,2300.430332747738,2392.6,2605.3
398,51.393354,0.125955,51.373289,0.089119,2338.7692047057917,2392.9,3006.3
399,51.377192,0.083283,51.373289,0.089119,2339.4789304346377,2392.6,2605.3
400,51.362651,0.083601,51.373289,0.089119,2344.554365260208,2440.1,2699.4
401,51.362212,0.091756,51.373289,0.089119,2345.2549013703956,2415.6,2621.7
402,51.390716,0.105521,51.396915,0.106306,2351.3621451559516,2399.8,2674.3
403,51.406868,0.076718,51.373289,0.089119,2356.0527473411016,2509,3080.5
404,51.368284,0.082987,51.373289,0.089119,2361.618755473565,2409.9,2589.7
405,51.392027,0.111732,51.373289,0.089119,2369.9267473987143,2396.5,2803.4
406,51.38334,0.116198,51.373289,0.089119,2376.960992103217,2428.5,2871.9
407,51.397737,0.051201,51.373289,0.089119,2378.63666755589,2670.2,3319
408,51.423287,0.062658,51.373289,0.089119,2382.754754758966,2548.5,3313.2
409,51.371741,0.042793,51.373289,0.089119,2386.1247876445545,2568.1,3026.1
410,51.408582,0.058203,51.373289,0.089119,2390.6642482482735,2455.1,3231.8
411,51.387592,0.114488,51.373289,0.089119,2394.7193663048283,2504.2,2924.7
412,51.304181,0.039261,51.373289,0.089119,2397.445312266643,-1.0,-1.0
413,51.312788,0.031036,51.373289,0.089119,2398.1302090386416,-1.0,-1.0
414,51.423164,0.061406,51.407703,0.073603,2400.5186280336316,2537.3,2742.4
415,51.38408,0.115081,51.376816,0.099724,2407.3460700029605,2478.7,2688
416,51.374262,0.105042,51.373289,0.089119,2407.519614981219,2506.2,2741.7
417,51.360806,0.10564,51.373289,0.089119,2419.3097858092924,2579.1,2875
418,51.368284,0.082987,51.373289,0.089119,2423.759263698766,2469.9,2649.7
419,51.306543,0.046027,51.373289,0.089119,2429.5911168931634,-1.0,-1.0
420,51.362608,0.097022,51.373289,0.089119,2439.835186381019,2568.3,2838.1
421,51.387592,0.114488,51.373289,0.089119,2442.1656587028806,2504.2,2924.7
422,51.398217,0.058386,51.373092,0.087254,2442.3376870716934,2721.2,3277.3
423,51.4096,0.053079,51.373289,0.089119,2451.731633635559,2522.3,3231.8
424,51.39042,0.069566,51.373289,0.089119,2459.9860280553057,2509.5,2924.8
425,51.371741,0.042793,51.373289,0.089119,2479.891410348251,2568.1,3026.1
426,51.382804,0.058775,51.373289,0.089119,2483.32484395557,2754.1,3364.4
427,51.369828,0.089962,51.373289,0.089119,2486.6829059267257,2582.5,2728.1
428,51.393354,0.125955,51.373289,0.089119,2491.737114205243,2843.5,3456.5
429,51.38334,0.116198,51.373289,0.089119,2502.222689665998,2708.3,3149.3
430,51.332266,0.024189,51.373289,0.089119,2518.640365803221,2816,3647.2
431,51.386181,0.070901,51.373289,0.089119,2539.125015815623,2647.7,3085.4
432,51.332266,0.024189,51.373289,0.089119,2542.736521279964,2816,3647.2
433,51.394739,0.075845,51.373289,0.089119,2543.4713156059865,2703.7,3203.2
434,51.36379,0.095382,51.373289,0.089119,2544.897214490336,2599.9,2838.1
435,51.371822,0.056715,51.373289,0.089119,2550.326783623352,2727.2,3112.5
436,51.406061,0.092701,51.426083,0.102051,2551.0468071443574,2660,3007.2
437,51.369122,0.063625,51.373289,0.089119,2557.332017633655,2696.9,3024.3
438,51.391005,0.084979,51.373289,0.089119,2571.351437315326,2665.7,3072
439,51.391474,0.048143,51.373289,0.089119,2582.1793387605253,2811.1,3382.7
440,51.389245,0.069895,51.373289,0.089119,2586.2592832417176,2697.2,3090.2
441,51.369122,0.063625,51.373289,0.089119,2600.0884561129456,2696.9,3024.3
442,51.372546,0.087542,51.373289,0.089119,2609.864696839527,2622.7,2719
443,51.393354,0.125955,51.373289,0.089119,2615.19831666104,2843.5,3456.5
444,51.306952,0.023171,51.373289,0.089119,2633.119964975079,-1.0,-1.0
445,51.372859,0.1031,51.373289,0.089119,2645.3224249376817,2727.4,2880.8
446,51.311086,0.034008,51.373289,0.089119,2645.8791684362986,3280.3,4502.3
447,51.394739,0.075845,51.373289,0.089119,2658.5625190993114,2703.7,3203.2
448,51.391005,0.084979,51.373289,0.089119,2660.1016095588984,2674,3072
449,51.372641,0.097814,51.373289,0.089119,2661.738054568305,2681.5,2803.4
450,51.305112,0.020112,51.392665,0.034982,2667.0306305876334,-1.0,-1.0
451,51.409601,0.053088,51.373289,0.089119,2667.1081801346613,2886.5,3803
452,51.372613,0.016006,51.373289,0.089119,2684.5167887116563,2993.1,3601.6
453,51.374262,0.105042,51.373289,0.089119,2701.54873458504,2821.5,3057.2
454,51.368738,0.055865,51.369416,0.035622,2707.185839838818,2803.7,3049.1
455,51.395508,0.096271,51.373289,0.089119,2711.7472658291435,2862,3384.2
456,51.36352,0.098566,51.373289,0.089119,2719.992051496282,2809.3,3014
457,51.383175,0.080856,51.373289,0.089119,2720.435432396111,2805.5,3136.7
458,51.332266,0.024189,51.373289,0.089119,2728.3080960830457,2816,3647.2
459,51.392796,0.072216,51.367227,0.104178,2745.5060180743844,2776,3452.8
460,51.377957,0.111321,51.373289,0.089119,2751.793586236774,2796.3,3101.5
461,51.386437,0.065909,51.373289,0.089119,2752.3034395633463,2828.1,3283.6
462,51.35808,0.090973,51.373289,0.089119,2763.465972675635,2910.8,3190.1
463,51.306543,0.046027,51.373289,0.089119,2765.1861221032104,3158.5,4502.3
464,51.369828,0.089962,51.373289,0.089119,2769.783961991497,2842,2991.6
465,51.332266,0.024189,51.373289,0.089119,2780.6801971276927,2816,3647.2
466,51.386313,0.045252,51.373289,0.089119,2782.9752235168407,3026.7,3674.1
467,51.402296,0.109148,51.373289,0.089119,2783.955764933245,2932.6,3491.4
468,51.36714,0.120211,51.373289,0.089119,2785.422541267209,2891.5,3249.6
469,51.371741,0.042793,51.373289,0.089119,2786.104070377961,2875.9,3478.1
470,51.405357,0.089945,51.373289,0.089119,2788.5292748251663,2992.7,3526.9
471,51.378707,0.099396,51.373289,0.089119,2800.361400936227,2920.7,3118.3
472,51.356318,0.099467,51.373289,0.089119,2807.9152930164637,2879.6,3332
473,51.419111,0.075381,51.373289,0.089119,2818.254665915952,3049.9,3743
474,51.360921,0.075825,51.386599,0.034845,2827.7017039192474,2969,3479.8
475,51.384008,0.078137,51.373289,0.089119,2831.147103874779,2877.9,3185
476,51.363782,0.107029,51.373289,0.089119,2833.139778230932,2903.3,3194.1
477,51.361702,0.097327,51.373289,0.089119,2838.5802195869965,2927.4,3339.1
478,51.374059,0.0399,51.373289,0.089119,2839.7861509311356,2958,3478.1
479,51.405671,0.048299,51.373289,0.089119,2847.553907975733,3043.6,3803
480,51.361349,0.064287,51.373289,0.089119,2849.215353612643,2992,3290.8
481,51.392836,0.096084,51.373289,0.089119,2861.0661627536056,2909.7,3368.4
482,51.363707,0.06882,51.373289,0.089119,2864.675602601115,3060.8,3474.3
483,51.394784,0.123207,51.373289,0.089119,2865.897125527723,3148.9,3727.2
484,51.359444,0.085241,51.373289,0.089119,2875.5651609628767,2974.9,3262.4
485,51.362651,0.083601,51.373289,0.089119,2879.7072384010457,2880,3262.4
486,51.363707,0.06882,51.373289,0.089119,2884.8796603832166,3060.8,3474.3
487,51.389245,0.069895,51.373289,0.089119,2891.1463838744535,2924.6,3319
488,51.391474,0.048143,51.373289,0.089119,2896.5445153445194,3104.1,3679.1
489,51.386181,0.070901,51.373289,0.089119,2901.121836559358,2964.5,3364.4
490,51.359077,0.110302,51.373289,0.089119,2903.5932976762865,2917.5,3276
491,51.37795,0.077552,51.376739,0.09954,2905.4026604855762,2951.8,3218.9
492,51.387191,0.114103,51.366065,0.055464,2911.498281897441,3013,3670.5
493,51.392027,0.111732,51.373289,0.089119,2923.6598413209363,3021.9,3416
494,51.386437,0.065909,51.373289,0.089119,2926.747728331118,3076.2,3526.6
495,51.389666,0.120895,51.362571,0.095189,2936.464874811652,3176.3,3758.8
496,51.406061,0.092701,51.426083,0.102051,2945.634054116675,3095.6,3441.5
497,51.362212,0.091756,51.373289,0.089119,2951.0016630876767,2970,3174
498,51.368284,0.082987,51.373289,0.089119,2952.9835127972697,3013.4,3196.2
499,51.332266,0.024189,51.373289,0.089119,2963.436955160193,3510.6,4338.1
500,51.372859,0.1031,51.373289,0.089119,2964.51358732023,2980.7,3134.1
501,51.377739,0.116504,51.373289,0.089119,2982.3209547844317,3099.3,3470.1
502,51.393354,0.125955,51.373289,0.089119,2999.9807453120757,3261.5,3863.9
503,51.392592,0.0835,51.373289,0.089119,3000.1073117453375,3081.4,3528.8
504,51.363602,0.096649,51.373289,0.089119,3002.978604950036,3082.7,3339.1
505,51.315575,0.034027,51.373289,0.089119,3005.889299369371,3165,4338.1
506,51.386154,0.060555,51.373289,0.089119,3011.259119813429,3106.9,3856
507,51.418293,0.128845,51.373289,0.089119,3034.824068660621,3235.7,4012.8
508,51.369828,0.089962,51.373289,0.089119,3045.3329841092536,3122.1,3267.8
509,51.376235,0.122352,51.373289,0.089119,3051.602656670055,3287.5,3711.8
510,51.359444,0.085241,51.373289,0.089119,3053.4912366001986,3170.8,3462.1
511,51.363608,0.098554,51.373289,0.089119,3055.0639121555355,3151.1,3355
512,51.312317,0.035579,51.373289,0.089119,3072.423360648675,-1.0,-1.0
513,51.383683,0.055719,51.373289,0.089119,3073.3704649170636,3207.3,3856
514,51.383163,0.081111,51.373289,0.089119,3082.529565153396,3139.4,3467.9
515,51.393354,0.125955,51.373289,0.089119,3083.335466792973,3261.5,3863.9
516,51.371462,0.068718,51.373289,0.089119,3097.848181016529,3212.3,3483.4
517,51.417305,0.115911,51.373289,0.089119,3115.3257211850714,3333.4,4034.8
518,51.425789,0.099036,51.373289,0.089119,3116.126187079217,3464,4273.1
519,51.363579,0.098549,51.373289,0.089119,3123.5186797102197,3151.5,3355
520,51.375793,0.107093,51.373289,0.089119,3124.323737259764,3209.4,3506.1
521,51.397793,0.09717,51.373289,0.089119,3127.5169756993405,3326.7,3859.4
522,51.384008,0.078137,51.373289,0.089119,3131.5281902700494,3183.9,3494.9
523,51.397793,0.09717,51.373289,0.089119,3132.5157648843556,3326.7,3859.4
524,51.365175,0.038369,51.36752,0.076758,3137.319740298239,3189.7,3607.7
525,51.408169,0.098927,51.373289,0.089119,3138.3301414320995,3214.4,3787
526,51.374951,0.014687,51.373289,0.089119,3164.6542010544285,3388.5,4023
527,51.382804,0.058775,51.373289,0.089119,3191.8916788408264,3254,3856
528,51.386181,0.070901,51.373289,0.089119,3193.3894592553042,3315.7,3714.3
529,51.405966,0.064753,51.373289,0.089119,3221.2923485507313,3674.7,4370.9
530,51.359444,0.085241,51.373289,0.089119,3225.2453345906606,3357,3644.6
531,51.401677,0.108956,51.373289,0.089119,3241.9374664811558,3488.8,4059.1
532,51.35808,0.090973,51.373289,0.089119,3242.524083661155,3378.8,3660.4
533,51.372641,0.097814,51.373289,0.089119,3248.323810449777,3306.6,3429.4
534,51.394739,0.075845,51.373289,0.089119,3257.182720824258,3441.7,3944.6
535,51.377208,0.078399,51.373289,0.089119,3279.9203044763126,3304.7,3541.2
536,51.306543,0.046027,51.373289,0.089119,3287.135298761203,3421.1,4502.3
537,51.384597,0.103294,51.416012,0.117947,3288.062354507503,3324.2,3854.9
538,51.383856,0.117846,51.373289,0.089119,3299.0126624049617,3327.4,3758.7
539,51.396677,0.113421,51.375202,0.099462,3309.317948869273,3457.3,3766.2
540,51.411862,0.105866,51.362488,0.095046,3316.685463635829,3678,4457.3
541,51.377957,0.111321,51.373289,0.089119,3321.885056874099,3373,3673.7
542,51.367544,0.096128,51.365274,0.064172,3326.5545530297495,3341.4,3667.8
543,51.400292,0.10827,51.41914,0.072061,3328.142249018605,3588.3,3992
544,51.384008,0.078137,51.373289,0.089119,3335.037717587136,3361.7,3674.1
545,51.371216,0.120965,51.373289,0.089119,3360.156713625432,3489.6,3884.1
546,51.360806,0.10564,51.373289,0.089119,3363.347033031551,3467.1,3763.6
547,51.409601,0.053088,51.373289,0.089119,3370.737793772981,3790,4504.5
548,51.377208,0.078399,51.373289,0.089119,3381.12976794934,3421.7,3657.3
549,51.372546,0.087542,51.373289,0.089119,3381.967583611522,3390.8,3483.4
550,51.386181,0.070901,51.373289,0.089119,3382.7339716355937,3453.4,3856
551,51.38495,0.062738,51.373289,0.089119,3393.32841031226,3652.1,4155
552,51.352513,0.091851,51.373289,0.089119,3395.100515892715,3441.8,3776.6
553,51.369828,0.089962,51.373289,0.089119,3400.3041179712336,3471,3618.8
554,51.353438,0.095622,51.373289,0.089119,3413.720322683386,3574.6,3951.4
555,51.313766,0.024346,51.373289,0.089119,3423.0763358125278,3982.4,5018.8
556,51.395508,0.096271,51.373289,0.089119,3428.839782861906,3582,4104.2
557,51.425789,0.099036,51.373289,0.089119,3438.6107693810823,3464,4273.1
558,51.360806,0.10564,51.373289,0.089119,3439.902149077606,3467.1,3763.6
559,51.392796,0.072216,51.367227,0.104178,3440.1666533384346,3512.6,4191.8
560,51.375793,0.107093,51.373289,0.089119,3443.418795387991,3542,3840
561,51.360806,0.10564,51.373289,0.089119,3445.6923021087173,3467.1,3763.6
562,51.35808,0.090973,51.373289,0.089119,3459.5543484854124,3588,3869.9
563,51.366122,0.100181,51.373289,0.089119,3467.5395962858734,3541,3749.9
564,51.392592,0.0835,51.373289,0.089119,3470.4903996392745,3551.4,4000.3
565,51.394819,0.121873,51.373289,0.089119,3471.928051905383,3614.9,4168.4
566,51.372641,0.097814,51.373289,0.089119,3473.8650096118354,3490.2,3612.3
567,51.406061,0.092701,51.426083,0.102051,3488.8267799999194,3635.6,3981.5
568,51.353215,0.095823,51.373289,0.089119,3496.738610859612,3579.1,3951.4
569,51.409062,0.062033,51.373289,0.089119,3501.0089066322707,3557.4,4370.9
570,51.362667,0.083672,51.373289,0.089119,3509.1521640268043,3510,3767.4
571,51.381592,0.103512,51.373289,0.089119,3517.584391431217,3601.8,3911.6
572,51.406868,0.076718,51.373289,0.089119,3521.5813831026294,3806,4383.8
573,51.365635,0.098214,51.373289,0.089119,3521.9501940678183,3551.3,3735.8
574,51.406061,0.092701,51.426083,0.102051,3532.895233313489,3635.6,3981.5
575,51.366122,0.100181,51.373289,0.089119,3542.278661328055,3583,3789.8
576,51.361702,0.097327,51.373289,0.089119,3545.876113812401,3657,3958
577,51.360806,0.10564,51.373289,0.089119,3550.8322520439647,3713.1,4009.1
578,51.392836,0.096084,51.373289,0.089119,3552.200930029029,3720.3,4178.5
579,51.353215,0.095823,51.373289,0.089119,3560.4977941368916,3579.1,3951.4
580,51.393354,0.125955,51.373289,0.089119,3583.8714039436595,3800,4403
581,51.376235,0.122352,51.373289,0.089119,3592.6360403235753,3831.5,4256
582,51.407665,0.057023,51.373289,0.089119,3595.0526076369615,3729,4504.5
583,51.397793,0.09717,51.373289,0.089119,3603.407086366533,3824.5,4476.5
584,51.363579,0.098549,51.373289,0.089119,3606.837267318007,3714.7,3931.6
585,51.383258,0.08116,51.373289,0.089119,3607.697765127077,3740.3,4074.7
586,51.387592,0.114488,51.373289,0.089119,3612.102955184481,3709.1,4133.2
587,51.312317,0.035579,51.373289,0.089119,3636.0441574592073,3808.7,5018.8
588,51.389245,0.069895,51.373289,0.089119,3645.21749627353,3774.3,4166.1
589,51.371462,0.068718,51.373289,0.089119,3662.226284620174,3770.1,4047.4
590,51.312788,0.031036,51.373289,0.089119,3666.9009067979846,3881.5,5018.8
591,51.392592,0.0835,51.373289,0.089119,3679.4437326534035,3793.8,4241.9
592,51.38279,0.058729,51.365276,0.064394,3691.829262296875,3986.5,4546.4
593,51.363608,0.098554,51.373289,0.089119,3692.2857697769036,3724.7,3931.6
594,51.395533,0.12514,51.386682,0.0346,3694.5134562863095,3914.2,4823.3
595,51.353215,0.095823,51.373289,0.089119,3699.176309060274,3880.2,4252.1
596,51.386313,0.045252,51.373289,0.089119,3700.681025621809,3942.8,4580.9
597,51.363475,0.098595,51.373289,0.089119,3705.06935694845,3726.5,3931.6
598,51.387278,0.089104,51.373289,0.089119,3705.6913587203894,3773.2,4103.7
599,51.379202,0.101517,51.373289,0.089119,3706.6205300700053,3767.8,4034.8
600,51.384008,0.078137,51.373289,0.089119,3707.623543367709,3747.8,4055
601,51.377192,0.083283,51.373289,0.089119,3707.8727346489295,3784.7,3991.5
602,51.353215,0.095823,51.373289,0.089119,3709.9992987245864,3880.2,4252.1
603,51.359077,0.110302,51.373289,0.089119,3728.9631120406593,3840.9,4198.2
604,51.393442,0.034359,51.373289,0.089119,3735.076278551438,4145.7,4849
605,51.359199,0.085731,51.373289,0.089119,3747.3689525087743,3750.9,4033.4
606,51.363707,0.06882,51.373289,0.089119,3775.3543868307524,3865.8,4405.2
607,51.389666,0.120895,51.362571,0.095189,3775.401759029675,3929,4509.8
608,51.359077,0.110302,51.373289,0.089119,3779.936981673271,3840.9,4198.2
609,51.376235,0.122352,51.373289,0.089119,3790.267678543695,3831.5,4256
610,51.377957,0.111321,51.373289,0.089119,3795.9879724277944,3904,4245.7
611,51.366691,0.082858,51.373289,0.089119,3810.364811881022,3848.5,4006.4
612,51.35808,0.090973,51.373289,0.089119,3821.418781315421,3889.9,4171
613,51.372859,0.1031,51.373289,0.089119,3830.7948810408534,3848.4,4002.2
614,51.361349,0.064287,51.373289,0.089119,3834.4563493061614,3896.6,4219.2
615,51.381592,0.103512,51.373289,0.089119,3839.210665151341,3884.2,4187.7
616,51.306952,0.023171,51.373289,0.089119,3841.9595632421892,4455.5,-1.0
617,51.371741,0.042793,51.373289,0.089119,3843.5283146670654,3977.8,4436
618,51.395508,0.096271,51.373289,0.089119,3868.378594703883,3953.5,4476.5
619,51.353438,0.095622,51.373289,0.089119,3880.6552956317128,3967.2,4449.6
620,51.36379,0.095382,51.373289,0.089119,3886.458498232715,3962.8,4199.1
621,51.377208,0.078399,51.373289,0.089119,3896.5580576489288,3914,4154.4
622,51.393375,0.071298,51.373289,0.089119,3903.245011004059,4039.6,4484.9
623,51.363707,0.06882,51.373289,0.089119,3918.84922457676,3992.3,4405.2
624,51.38525,0.059724,51.367386,0.104318,3923.681197939535,4145.4,4815.8
625,51.417305,0.115911,51.373289,0.089119,3931.6317505548773,4089.8,4752.6
626,51.354854,0.101794,51.373289,0.089119,3934.893507428901,4042.9,4449.6
627,51.390368,0.069627,51.373289,0.089119,3949.4941038496627,4024.1,4433.2
628,51.383163,0.081111,51.373289,0.089119,3956.50478805823,4029.5,4363.1
629,51.366691,0.082858,51.373289,0.089119,3965.539415708708,3998.5,4156.4
630,51.365635,0.098214,51.373289,0.089119,3979.0674296029815,4066.5,4280.3
631,51.394432,0.098349,51.369452,0.035717,3989.1042220037384,4119.1,4905.1
632,51.369828,0.089962,51.373289,0.089119,3989.3461594850546,4072.8,4222.3
633,51.371822,0.056715,51.373289,0.089119,3999.867096304064,4090.7,4470.2
634,51.37795,0.077552,51.376739,0.09954,4004.5748695541256,4047.2,4313.6
635,51.363475,0.098595,51.373289,0.089119,4008.437918900299,4083.9,4288.7
636,51.393354,0.125955,51.373289,0.089119,4010.5094001919583,4131.3,4942.6
637,51.36379,0.095382,51.373289,0.089119,4015.987770320088,4050.1,4287
638,51.366691,0.082858,51.373289,0.089119,4023.6474584511175,4062,4219.2
639,51.383856,0.117846,51.373289,0.089119,4025.0177297040555,4085.1,4513.8
640,51.368284,0.082987,51.373289,0.089119,4034.7645045340296,4141.3,4321.8
641,51.360806,0.10564,51.373289,0.089119,4055.9147644534773,4178.2,4515.4
642,51.401226,0.116967,51.373289,0.089119,4056.9556455724896,4211.5,4779.3
643,51.305445,0.020836,51.373289,0.089119,4057.1771422963398,4525.4,-1.0
644,51.363707,0.06882,51.373289,0.089119,4063.458690611689,4232.4,4734.5
645,51.365635,0.098214,51.373289,0.089119,4074.333102951183,4095.4,4280.3
646,51.340601,0.110805,51.373289,0.089119,4086.0601214838966,4393.2,4909.4
647,51.360929,0.075853,51.369346,0.035762,4089.59400450737,4306.3,4682.6
648,51.387122,0.078479,51.373289,0.089119,4092.723293173823,4158.5,4575.4
649,51.387592,0.114488,51.373289,0.089119,4105.182633851577,4221.9,4644.4
650,51.362608,0.097022,51.373289,0.089119,4109.106497169014,4227.4,4482.3
651,51.389245,0.069895,51.373289,0.089119,4113.052996670651,4140,4533.9
652,51.36352,0.098566,51.373289,0.089119,4135.860801462922,4260.0,4464
653,51.38678,0.079373,51.373289,0.089119,4138.292831248577,4188.7,4575.4
654,51.369122,0.063625,51.373289,0.089119,4139.920222679053,4209.2,4534.3
655,51.410224,0.107669,51.407785,0.07365,4145.272194196613,4258.3,4625.5
656,51.35808,0.090973,51.373289,0.089119,4149.760170693294,4339.9,4621.2
657,51.356958,0.138095,51.365711,0.059512,4151.6371226132815,4451.3,5202.2
658,51.392027,0.111732,51.373289,0.089119,4161.902077821361,4223.7,4617.5
659,51.363579,0.098549,51.373289,0.089119,4165.11622692637,4259.4,4464
660,51.371822,0.056715,51.373289,0.089119,4172.982735200196,4279,4669.2
661,51.387278,0.089104,51.373289,0.089119,4175.01715845703,4233.3,4566.1
662,51.393354,0.125955,51.373289,0.089119,4180.395294014645,4268.8,4942.6
663,51.402296,0.109148,51.373289,0.089119,4181.321512546287,4362.4,4916.7
